{
  "000001.jpg": {
    "K": [
      1147.6124010708231,
      0.0,
      686.0,
      0.0,
      0.0,
      1147.6124010708231,
      514.5,
      0.0,
      0.0,
      0.0,
      1.0,
      0.0,
      0.0,
      0.0,
      0.0,
      1.0
    ],
    "W2C": [
      0.8160336689839913,
      0.3140925163205186,
      -0.48521638706454506,
      0.5935149510101511,
      -0.30527330823745613,
      0.9470381073862568,
      0.09963448417097232,
      0.014883436078030284,
      0.4908128547239618,
      0.06681851801485368,
      0.8686990429878543,
      0.3255228065860039,
      0.0,
      0.0,
      0.0,
      1.0
    ],
    "img_size": [
      1372,
      1029
    ]
  },
  "000002.jpg": {
    "K": [
      1147.6124010708231,
      0.0,
      686.0,
      0.0,
      0.0,
      1147.6124010708231,
      514.5,
      0.0,
      0.0,
      0.0,
      1.0,
      0.0,
      0.0,
      0.0,
      0.0,
      1.0
    ],
    "W2C": [
      0.9161459072980358,
      0.2181738804092984,
      -0.33626899120824133,
      0.40320847976460317,
      -0.2252391838897229,
      0.9741302743994016,
      0.018371677638117326,
      0.037489252219411254,
      0.33157802487763083,
      0.05890981586880464,
      0.9415867708355682,
      0.11231324193606204,
      0.0,
      0.0,
      0.0,
      1.0
    ],
    "img_size": [
      1372,
      1029
    ]
  },
  "000003.jpg": {
    "K": [
      1147.6124010708231,
      0.0,
      686.0,
      0.0,
      0.0,
      1147.6124010708231,
      514.5,
      0.0,
      0.0,
      0.0,
      1.0,
      0.0,
      0.0,
      0.0,
      0.0,
      1.0
    ],
    "W2C": [
      0.969724342364903,
      0.13064625070029676,
      -0.20631591553467638,
      0.19606247721800624,
      -0.13240097551936097,
      0.9911818527422936,
      0.00534008201022773,
      0.06509514391487936,
      0.20519425310295142,
      0.02213802096641849,
      0.9784708613552131,
      0.05514535603791967,
      0.0,
      0.0,
      0.0,
      1.0
    ],
    "img_size": [
      1372,
      1029
    ]
  },
  "000004.jpg": {
    "K": [
      1147.6124010708231,
      0.0,
      686.0,
      0.0,
      0.0,
      1147.6124010708231,
      514.5,
      0.0,
      0.0,
      0.0,
      1.0,
      0.0,
      0.0,
      0.0,
      0.0,
      1.0
    ],
    "W2C": [
      0.9999998793134722,
      -0.00024570969290332244,
      0.0004254406985665679,
      -0.005985216800119179,
      0.00024179382926277208,
      0.9999578339678916,
      0.009179968517743149,
      0.031951596505308745,
      -0.00042767836666576873,
      -0.009179864540908992,
      0.9999577726975403,
      0.06276398903162501,
      0.0,
      0.0,
      0.0,
      1.0
    ],
    "img_size": [
      1372,
      1029
    ]
  },
  "000005.jpg": {
    "K": [
      1147.6124010708231,
      0.0,
      686.0,
      0.0,
      0.0,
      1147.6124010708231,
      514.5,
      0.0,
      0.0,
      0.0,
      1.0,
      0.0,
      0.0,
      0.0,
      0.0,
      1.0
    ],
    "W2C": [
      0.9880186601046067,
      -0.11586719465390509,
      0.1019505786552065,
      -0.12404622382650296,
      0.11773878856891706,
      0.9929657289560777,
      -0.012515541740137779,
      0.16673225236638115,
      -0.09978328994085744,
      0.024369126405338316,
      0.9947107321864076,
      0.11596554404172545,
      0.0,
      0.0,
      0.0,
      1.0
    ],
    "img_size": [
      1372,
      1029
    ]
  },
  "000006.jpg": {
    "K": [
      1147.6124010708231,
      0.0,
      686.0,
      0.0,
      0.0,
      1147.6124010708231,
      514.5,
      0.0,
      0.0,
      0.0,
      1.0,
      0.0,
      0.0,
      0.0,
      0.0,
      1.0
    ],
    "W2C": [
      0.8898467570378891,
      -0.2741441079369124,
      0.3647159950874476,
      -0.3152644811224568,
      0.2616448471855009,
      0.9614726315294293,
      0.08433476602890479,
      0.021478842633989213,
      -0.3737843267586649,
      0.02038104274439307,
      0.9272916963751069,
      0.1983828221080034,
      0.0,
      0.0,
      0.0,
      1.0
    ],
    "img_size": [
      1372,
      1029
    ]
  },
  "000007.jpg": {
    "K": [
      1147.6124010708231,
      0.0,
      686.0,
      0.0,
      0.0,
      1147.6124010708231,
      514.5,
      0.0,
      0.0,
      0.0,
      1.0,
      0.0,
      0.0,
      0.0,
      0.0,
      1.0
    ],
    "W2C": [
      0.6782162301575022,
      -0.3827617466114617,
      0.6273086883519862,
      -0.33277960744728846,
      0.36808831324122215,
      0.9157779209256783,
      0.16081602283439964,
      -0.004071480700988969,
      -0.6360296681807996,
      0.12183696022137673,
      0.7619855748751657,
      0.4276521941224924,
      0.0,
      0.0,
      0.0,
      1.0
    ],
    "img_size": [
      1372,
      1029
    ]
  },
  "000008.jpg": {
    "K": [
      1147.6124010708231,
      0.0,
      686.0,
      0.0,
      0.0,
      1147.6124010708231,
      514.5,
      0.0,
      0.0,
      0.0,
      1.0,
      0.0,
      0.0,
      0.0,
      0.0,
      1.0
    ],
    "W2C": [
      0.5888333001848419,
      -0.42739299963163263,
      0.6860106183283922,
      -0.3848095117272534,
      0.43243429135433376,
      0.8836489087143105,
      0.17934656335955715,
      -0.06540910840104862,
      -0.6828439999401787,
      0.19104928681856875,
      0.7051412920484897,
      0.43270857293463505,
      0.0,
      0.0,
      0.0,
      1.0
    ],
    "img_size": [
      1372,
      1029
    ]
  },
  "000012.jpg": {
    "K": [
      1147.6124010708231,
      0.0,
      686.0,
      0.0,
      0.0,
      1147.6124010708231,
      514.5,
      0.0,
      0.0,
      0.0,
      1.0,
      0.0,
      0.0,
      0.0,
      0.0,
      1.0
    ],
    "W2C": [
      0.7302321573349436,
      -0.38173573876863526,
      0.5666028786908153,
      -0.454796758657696,
      0.3301883827354755,
      0.9232417642535273,
      0.1964695310845065,
      -0.15015819606859668,
      -0.5981108829477069,
      0.043617318633761205,
      0.8002255314689201,
      0.4506815915561535,
      0.0,
      0.0,
      0.0,
      1.0
    ],
    "img_size": [
      1372,
      1029
    ]
  },
  "000013.jpg": {
    "K": [
      1147.6124010708231,
      0.0,
      686.0,
      0.0,
      0.0,
      1147.6124010708231,
      514.5,
      0.0,
      0.0,
      0.0,
      1.0,
      0.0,
      0.0,
      0.0,
      0.0,
      1.0
    ],
    "W2C": [
      0.9202496540478012,
      -0.2539017453720165,
      0.2977826017784548,
      -0.2802345470658343,
      0.2054571731770834,
      0.9611083996594321,
      0.18454808071114562,
      -0.1448114600317258,
      -0.3330584396393283,
      -0.10864873584689906,
      0.9366256071578904,
      0.28273381589370294,
      0.0,
      0.0,
      0.0,
      1.0
    ],
    "img_size": [
      1372,
      1029
    ]
  },
  "000014.jpg": {
    "K": [
      1147.6124010708231,
      0.0,
      686.0,
      0.0,
      0.0,
      1147.6124010708231,
      514.5,
      0.0,
      0.0,
      0.0,
      1.0,
      0.0,
      0.0,
      0.0,
      0.0,
      1.0
    ],
    "W2C": [
      0.9895564683317338,
      -0.10463339953210914,
      0.09914558832938827,
      -0.09854741278441755,
      0.08425368259569213,
      0.9779388930590618,
      0.19114611796079267,
      -0.15851238704076684,
      -0.11695859503213468,
      -0.1807964964947355,
      0.9765415064928569,
      0.18866678797360448,
      0.0,
      0.0,
      0.0,
      1.0
    ],
    "img_size": [
      1372,
      1029
    ]
  },
  "000015.jpg": {
    "K": [
      1147.6124010708231,
      0.0,
      686.0,
      0.0,
      0.0,
      1147.6124010708231,
      514.5,
      0.0,
      0.0,
      0.0,
      1.0,
      0.0,
      0.0,
      0.0,
      0.0,
      1.0
    ],
    "W2C": [
      0.9979259687168504,
      -0.0015108644832605514,
      -0.06435431802955487,
      0.12581396226616515,
      0.011972166150536359,
      0.9866382581640868,
      0.16248573711129474,
      -0.10602835802311225,
      0.06324893831677983,
      -0.16291919719741454,
      0.9846100278721268,
      0.12206722207072869,
      0.0,
      0.0,
      0.0,
      1.0
    ],
    "img_size": [
      1372,
      1029
    ]
  },
  "000016.jpg": {
    "K": [
      1147.6124010708231,
      0.0,
      686.0,
      0.0,
      0.0,
      1147.6124010708231,
      514.5,
      0.0,
      0.0,
      0.0,
      1.0,
      0.0,
      0.0,
      0.0,
      0.0,
      1.0
    ],
    "W2C": [
      0.9701054628787084,
      0.12364830749815597,
      -0.20882166301830207,
      0.42677545342985557,
      -0.09768299418840827,
      0.9866359428873165,
      0.13041299340649914,
      -0.1839210408493777,
      0.22215630429784175,
      -0.1061160320389792,
      0.9692192549702198,
      0.16273397529221223,
      0.0,
      0.0,
      0.0,
      1.0
    ],
    "img_size": [
      1372,
      1029
    ]
  },
  "000017.jpg": {
    "K": [
      1147.6124010708231,
      0.0,
      686.0,
      0.0,
      0.0,
      1147.6124010708231,
      514.5,
      0.0,
      0.0,
      0.0,
      1.0,
      0.0,
      0.0,
      0.0,
      0.0,
      1.0
    ],
    "W2C": [
      0.8618336508461953,
      0.2520096682262641,
      -0.440152116193489,
      0.5660503138205375,
      -0.23166199144581556,
      0.9676015484540589,
      0.10039902962014469,
      -0.2988302246789352,
      0.4511933953289623,
      0.015439253537529065,
      0.8922926366734889,
      0.31326960732354586,
      0.0,
      0.0,
      0.0,
      1.0
    ],
    "img_size": [
      1372,
      1029
    ]
  },
  "000018.jpg": {
    "K": [
      1147.6124010708231,
      0.0,
      686.0,
      0.0,
      0.0,
      1147.6124010708231,
      514.5,
      0.0,
      0.0,
      0.0,
      1.0,
      0.0,
      0.0,
      0.0,
      0.0,
      1.0
    ],
    "W2C": [
      0.6969900565566504,
      0.36367402757050876,
      -0.6180178498488552,
      0.6147472443565333,
      -0.36653682901504153,
      0.9214384428011956,
      0.12884855103456044,
      -0.39507495498808887,
      0.616324276689435,
      0.13672014408547278,
      0.7755333572223003,
      0.4498526669409883,
      0.0,
      0.0,
      0.0,
      1.0
    ],
    "img_size": [
      1372,
      1029
    ]
  },
  "000019.jpg": {
    "K": [
      1147.6124010708231,
      0.0,
      686.0,
      0.0,
      0.0,
      1147.6124010708231,
      514.5,
      0.0,
      0.0,
      0.0,
      1.0,
      0.0,
      0.0,
      0.0,
      0.0,
      1.0
    ],
    "W2C": [
      0.590765423627646,
      0.4165287763999048,
      -0.6910137427554147,
      0.5288864298914416,
      -0.43139851668961543,
      0.886807255907633,
      0.16573536335849887,
      -0.336174891619419,
      0.6818295491133016,
      0.20019158149226,
      0.7035849605098023,
      0.5433537961280345,
      0.0,
      0.0,
      0.0,
      1.0
    ],
    "img_size": [
      1372,
      1029
    ]
  },
  "000020.jpg": {
    "K": [
      1147.6124010708231,
      0.0,
      686.0,
      0.0,
      0.0,
      1147.6124010708231,
      514.5,
      0.0,
      0.0,
      0.0,
      1.0,
      0.0,
      0.0,
      0.0,
      0.0,
      1.0
    ],
    "W2C": [
      0.7835384200718196,
      0.3745524264687991,
      -0.4957600468953616,
      0.5696396382440713,
      -0.31402806953539614,
      0.927195720816929,
      0.20419223012310717,
      -0.4061027233204604,
      0.5361472892920645,
      -0.004309886902273043,
      0.8441134456100443,
      0.30532953544973335,
      0.0,
      0.0,
      0.0,
      1.0
    ],
    "img_size": [
      1372,
      1029
    ]
  },
  "000021.jpg": {
    "K": [
      1147.6124010708231,
      0.0,
      686.0,
      0.0,
      0.0,
      1147.6124010708231,
      514.5,
      0.0,
      0.0,
      0.0,
      1.0,
      0.0,
      0.0,
      0.0,
      0.0,
      1.0
    ],
    "W2C": [
      0.9864692083514557,
      0.03380833302123098,
      -0.16042287116486345,
      0.29290485762908425,
      0.0016933495494737996,
      0.9763533017632815,
      0.2161743803119188,
      -0.42302230148171427,
      0.16393789538040357,
      -0.21352102180877733,
      0.963085219336264,
      0.005669899886106801,
      0.0,
      0.0,
      0.0,
      1.0
    ],
    "img_size": [
      1372,
      1029
    ]
  },
  "000022.jpg": {
    "K": [
      1147.6124010708231,
      0.0,
      686.0,
      0.0,
      0.0,
      1147.6124010708231,
      514.5,
      0.0,
      0.0,
      0.0,
      1.0,
      0.0,
      0.0,
      0.0,
      0.0,
      1.0
    ],
    "W2C": [
      0.9865149450784553,
      -0.08500584841137807,
      0.1398651810591711,
      -0.07124559131501483,
      0.05689531152891678,
      0.979364690467936,
      0.19392711669767,
      -0.30298535506682817,
      -0.15346395884011463,
      -0.18335432582981517,
      0.9709943380558991,
      0.007089745738777919,
      0.0,
      0.0,
      0.0,
      1.0
    ],
    "img_size": [
      1372,
      1029
    ]
  },
  "000023.jpg": {
    "K": [
      1147.6124010708231,
      0.0,
      686.0,
      0.0,
      0.0,
      1147.6124010708231,
      514.5,
      0.0,
      0.0,
      0.0,
      1.0,
      0.0,
      0.0,
      0.0,
      0.0,
      1.0
    ],
    "W2C": [
      0.9024405128813411,
      -0.28088868843292647,
      0.326653739334012,
      -0.22678465521836985,
      0.1730547052167445,
      0.9307121952563049,
      0.32222178480595626,
      -0.3096939154547205,
      -0.3945290733429007,
      -0.2342570261734335,
      0.8885215000074964,
      0.16035447724101948,
      0.0,
      0.0,
      0.0,
      1.0
    ],
    "img_size": [
      1372,
      1029
    ]
  },
  "000024.jpg": {
    "K": [
      1147.6124010708231,
      0.0,
      686.0,
      0.0,
      0.0,
      1147.6124010708231,
      514.5,
      0.0,
      0.0,
      0.0,
      1.0,
      0.0,
      0.0,
      0.0,
      0.0,
      1.0
    ],
    "W2C": [
      0.777877579628153,
      -0.40589976254377363,
      0.4797414448208061,
      -0.282517423352022,
      0.24666487008612514,
      0.8993619401574303,
      0.36097720490587487,
      -0.36067037050342476,
      -0.5779817583429787,
      -0.16246071329146364,
      0.7997147014151906,
      0.3015256163024139,
      0.0,
      0.0,
      0.0,
      1.0
    ],
    "img_size": [
      1372,
      1029
    ]
  },
  "000025.jpg": {
    "K": [
      1147.6124010708231,
      0.0,
      686.0,
      0.0,
      0.0,
      1147.6124010708231,
      514.5,
      0.0,
      0.0,
      0.0,
      1.0,
      0.0,
      0.0,
      0.0,
      0.0,
      1.0
    ],
    "W2C": [
      0.627618900321727,
      -0.5089485372839939,
      0.5891229942511402,
      -0.2530291043537281,
      0.22200660358150393,
      0.8423034327371163,
      0.49115984685789954,
      -0.3286464017643344,
      -0.7461954059930623,
      -0.17747200792168102,
      0.6416354903518784,
      0.5071242916542734,
      0.0,
      0.0,
      0.0,
      1.0
    ],
    "img_size": [
      1372,
      1029
    ]
  },
  "000029.jpg": {
    "K": [
      1147.6124010708231,
      0.0,
      686.0,
      0.0,
      0.0,
      1147.6124010708231,
      514.5,
      0.0,
      0.0,
      0.0,
      1.0,
      0.0,
      0.0,
      0.0,
      0.0,
      1.0
    ],
    "W2C": [
      0.9495439078800064,
      -0.22819566810037942,
      0.21515832326030798,
      -0.3015295553170037,
      0.10883467509465407,
      0.8831298544910855,
      0.45632956687420023,
      -0.406849661267244,
      -0.2941451691002366,
      -0.4098882740049727,
      0.8634061745946793,
      0.24900984551888217,
      0.0,
      0.0,
      0.0,
      1.0
    ],
    "img_size": [
      1372,
      1029
    ]
  }
}
