{
  "000001.jpg": {
    "K": [
      1147.6124010708231,
      0.0,
      686.0,
      0.0,
      0.0,
      1147.6124010708231,
      514.5,
      0.0,
      0.0,
      0.0,
      1.0,
      0.0,
      0.0,
      0.0,
      0.0,
      1.0
    ],
    "W2C": [
      0.8160336689839913,
      0.31409251632051866,
      -0.48521638706454506,
      4.22412162091329,
      -0.30527330823745613,
      0.9470381073862569,
      0.09963448417097232,
      -0.005954249959306674,
      0.49081285472396174,
      0.06681851801485372,
      0.8686990429878543,
      2.2320710507202626,
      0.0,
      0.0,
      0.0,
      1.0
    ],
    "img_size": [
      1372,
      1029
    ]
  },
  "000002.jpg": {
    "K": [
      1147.6124010708231,
      0.0,
      686.0,
      0.0,
      0.0,
      1147.6124010708231,
      514.5,
      0.0,
      0.0,
      0.0,
      1.0,
      0.0,
      0.0,
      0.0,
      0.0,
      1.0
    ],
    "W2C": [
      0.9161459072980358,
      0.2181738804092984,
      -0.3362689912082414,
      2.8435680573541653,
      -0.22523918388972286,
      0.9741302743994014,
      0.018371677638117333,
      0.15467982245946638,
      0.33157802487763083,
      0.05890981586880464,
      0.9415867708355683,
      0.6994856807715175,
      0.0,
      0.0,
      0.0,
      1.0
    ],
    "img_size": [
      1372,
      1029
    ]
  },
  "000003.jpg": {
    "K": [
      1147.6124010708231,
      0.0,
      686.0,
      0.0,
      0.0,
      1147.6124010708231,
      514.5,
      0.0,
      0.0,
      0.0,
      1.0,
      0.0,
      0.0,
      0.0,
      0.0,
      1.0
    ],
    "W2C": [
      0.969724342364903,
      0.13064625070029673,
      -0.20631591553467635,
      1.3452925802008788,
      -0.13240097551936095,
      0.9911818527422935,
      0.00534008201022773,
      0.346072777173739,
      0.2051942531029514,
      0.022138020966418488,
      0.978470861355213,
      0.29775824653443655,
      0.0,
      0.0,
      0.0,
      1.0
    ],
    "img_size": [
      1372,
      1029
    ]
  },
  "000004.jpg": {
    "K": [
      1147.6124010708231,
      0.0,
      686.0,
      0.0,
      0.0,
      1147.6124010708231,
      514.5,
      0.0,
      0.0,
      0.0,
      1.0,
      0.0,
      0.0,
      0.0,
      0.0,
      1.0
    ],
    "W2C": [
      0.9999998793134722,
      -0.0002457096929033225,
      0.00042544069856656795,
      -0.11517143028017783,
      0.00024179382926277213,
      0.9999578339678917,
      0.00917996851774315,
      0.09579496295013608,
      -0.0004276783666657688,
      -0.009179864540908994,
      0.9999577726975403,
      0.3699331738051546,
      0.0,
      0.0,
      0.0,
      1.0
    ],
    "img_size": [
      1372,
      1029
    ]
  },
  "000005.jpg": {
    "K": [
      1147.6124010708231,
      0.0,
      686.0,
      0.0,
      0.0,
      1147.6124010708231,
      514.5,
      0.0,
      0.0,
      0.0,
      1.0,
      0.0,
      0.0,
      0.0,
      0.0,
      1.0
    ],
    "W2C": [
      0.9880186601046068,
      -0.11586719465390509,
      0.10195057865520651,
      -0.9595451659570515,
      0.11773878856891706,
      0.9929657289560777,
      -0.01251554174013778,
      1.0629593550048102,
      -0.09978328994085746,
      0.024369126405338316,
      0.9947107321864077,
      0.757040176861209,
      0.0,
      0.0,
      0.0,
      1.0
    ],
    "img_size": [
      1372,
      1029
    ]
  },
  "000006.jpg": {
    "K": [
      1147.6124010708231,
      0.0,
      686.0,
      0.0,
      0.0,
      1147.6124010708231,
      514.5,
      0.0,
      0.0,
      0.0,
      1.0,
      0.0,
      0.0,
      0.0,
      0.0,
      1.0
    ],
    "W2C": [
      0.889846757037889,
      -0.2741441079369124,
      0.3647159950874475,
      -2.3336534591786395,
      0.26164484718550096,
      0.9614726315294293,
      0.08433476602890479,
      0.00020818364784214462,
      -0.37378432675866485,
      0.02038104274439306,
      0.9272916963751067,
      1.3778731055203162,
      0.0,
      0.0,
      0.0,
      1.0
    ],
    "img_size": [
      1372,
      1029
    ]
  },
  "000007.jpg": {
    "K": [
      1147.6124010708231,
      0.0,
      686.0,
      0.0,
      0.0,
      1147.6124010708231,
      514.5,
      0.0,
      0.0,
      0.0,
      1.0,
      0.0,
      0.0,
      0.0,
      0.0,
      1.0
    ],
    "W2C": [
      0.6782162301575022,
      -0.3827617466114617,
      0.6273086883519862,
      -2.4524417704431256,
      0.3680883132412221,
      0.9157779209256783,
      0.16081602283439958,
      -0.19220268236274024,
      -0.6360296681807996,
      0.12183696022137673,
      0.7619855748751657,
      3.0519686627021114,
      0.0,
      0.0,
      0.0,
      1.0
    ],
    "img_size": [
      1372,
      1029
    ]
  },
  "000008.jpg": {
    "K": [
      1147.6124010708231,
      0.0,
      686.0,
      0.0,
      0.0,
      1147.6124010708231,
      514.5,
      0.0,
      0.0,
      0.0,
      1.0,
      0.0,
      0.0,
      0.0,
      0.0,
      1.0
    ],
    "W2C": [
      0.5888333001848419,
      -0.42739299963163274,
      0.6860106183283922,
      -2.82053298984158,
      0.43243429135433387,
      0.8836489087143103,
      0.17934656335955712,
      -0.6368276840180825,
      -0.6828439999401787,
      0.1910492868185688,
      0.7051412920484897,
      3.087352879620686,
      0.0,
      0.0,
      0.0,
      1.0
    ],
    "img_size": [
      1372,
      1029
    ]
  },
  "000012.jpg": {
    "K": [
      1147.6124010708231,
      0.0,
      686.0,
      0.0,
      0.0,
      1147.6124010708231,
      514.5,
      0.0,
      0.0,
      0.0,
      1.0,
      0.0,
      0.0,
      0.0,
      0.0,
      1.0
    ],
    "W2C": [
      0.7302321573349437,
      -0.3817357387686352,
      0.5666028786908153,
      -3.3319264331275877,
      0.3301883827354755,
      0.9232417642535273,
      0.1964695310845065,
      -1.2479438638498876,
      -0.5981108829477069,
      0.04361731863376115,
      0.8002255314689202,
      3.2227259492440163,
      0.0,
      0.0,
      0.0,
      1.0
    ],
    "img_size": [
      1372,
      1029
    ]
  },
  "000013.jpg": {
    "K": [
      1147.6124010708231,
      0.0,
      686.0,
      0.0,
      0.0,
      1147.6124010708231,
      514.5,
      0.0,
      0.0,
      0.0,
      1.0,
      0.0,
      0.0,
      0.0,
      0.0,
      1.0
    ],
    "W2C": [
      0.9202496540478013,
      -0.25390174537201654,
      0.2977826017784548,
      -2.0800604575249433,
      0.2054571731770834,
      0.9611083996594321,
      0.18454808071114562,
      -1.2044445178484087,
      -0.3330584396393283,
      -0.10864873584689902,
      0.9366256071578904,
      2.000299937925309,
      0.0,
      0.0,
      0.0,
      1.0
    ],
    "img_size": [
      1372,
      1029
    ]
  },
  "000014.jpg": {
    "K": [
      1147.6124010708231,
      0.0,
      686.0,
      0.0,
      0.0,
      1147.6124010708231,
      514.5,
      0.0,
      0.0,
      0.0,
      1.0,
      0.0,
      0.0,
      0.0,
      0.0,
      1.0
    ],
    "W2C": [
      0.9895564683317337,
      -0.10463339953210916,
      0.09914558832938827,
      -0.7768735138519275,
      0.08425368259569213,
      0.9779388930590618,
      0.19114611796079267,
      -1.297428484131839,
      -0.11695859503213468,
      -0.18079649649473553,
      0.9765415064928569,
      1.3120716448188148,
      0.0,
      0.0,
      0.0,
      1.0
    ],
    "img_size": [
      1372,
      1029
    ]
  },
  "000015.jpg": {
    "K": [
      1147.6124010708231,
      0.0,
      686.0,
      0.0,
      0.0,
      1147.6124010708231,
      514.5,
      0.0,
      0.0,
      0.0,
      1.0,
      0.0,
      0.0,
      0.0,
      0.0,
      1.0
    ],
    "W2C": [
      0.9979259687168504,
      -0.0015108644832605525,
      -0.06435431802955487,
      0.8419448018127442,
      0.011972166150536357,
      0.9866382581640868,
      0.16248573711129471,
      -0.9121427759666205,
      0.06324893831677983,
      -0.16291919719741454,
      0.9846100278721267,
      0.8153069818238334,
      0.0,
      0.0,
      0.0,
      1.0
    ],
    "img_size": [
      1372,
      1029
    ]
  },
  "000016.jpg": {
    "K": [
      1147.6124010708231,
      0.0,
      686.0,
      0.0,
      0.0,
      1147.6124010708231,
      514.5,
      0.0,
      0.0,
      0.0,
      1.0,
      0.0,
      0.0,
      0.0,
      0.0,
      1.0
    ],
    "W2C": [
      0.9701054628787081,
      0.12364830749815595,
      -0.20882166301830205,
      3.0117109734181398,
      -0.09768299418840824,
      0.9866359428873165,
      0.13041299340649914,
      -1.4637779040643086,
      0.2221563042978417,
      -0.1061160320389792,
      0.9692192549702195,
      1.091089470191022,
      0.0,
      0.0,
      0.0,
      1.0
    ],
    "img_size": [
      1372,
      1029
    ]
  },
  "000017.jpg": {
    "K": [
      1147.6124010708231,
      0.0,
      686.0,
      0.0,
      0.0,
      1147.6124010708231,
      514.5,
      0.0,
      0.0,
      0.0,
      1.0,
      0.0,
      0.0,
      0.0,
      0.0,
      1.0
    ],
    "W2C": [
      0.8618336508461953,
      0.2520096682262641,
      -0.44015211619348904,
      4.027104748462418,
      -0.23166199144581553,
      0.9676015484540589,
      0.10039902962014469,
      -2.2784717453053567,
      0.4511933953289623,
      0.015439253537529065,
      0.8922926366734889,
      2.1513749688048276,
      0.0,
      0.0,
      0.0,
      1.0
    ],
    "img_size": [
      1372,
      1029
    ]
  },
  "000018.jpg": {
    "K": [
      1147.6124010708231,
      0.0,
      686.0,
      0.0,
      0.0,
      1147.6124010708231,
      514.5,
      0.0,
      0.0,
      0.0,
      1.0,
      0.0,
      0.0,
      0.0,
      0.0,
      1.0
    ],
    "W2C": [
      0.6969900565566504,
      0.36367402757050865,
      -0.6180178498488551,
      4.390501987501004,
      -0.36653682901504153,
      0.9214384428011957,
      0.1288485510345604,
      -2.9596760215626237,
      0.616324276689435,
      0.13672014408547273,
      0.7755333572223003,
      3.1189465829748,
      0.0,
      0.0,
      0.0,
      1.0
    ],
    "img_size": [
      1372,
      1029
    ]
  },
  "000019.jpg": {
    "K": [
      1147.6124010708231,
      0.0,
      686.0,
      0.0,
      0.0,
      1147.6124010708231,
      514.5,
      0.0,
      0.0,
      0.0,
      1.0,
      0.0,
      0.0,
      0.0,
      0.0,
      1.0
    ],
    "W2C": [
      0.5907654236276458,
      0.41652877639990477,
      -0.6910137427554147,
      3.777472807221162,
      -0.4313985166896154,
      0.8868072559076331,
      0.16573536335849892,
      -2.5283346386763306,
      0.6818295491133015,
      0.2001915814922599,
      0.7035849605098022,
      3.7866893924672342,
      0.0,
      0.0,
      0.0,
      1.0
    ],
    "img_size": [
      1372,
      1029
    ]
  },
  "000020.jpg": {
    "K": [
      1147.6124010708231,
      0.0,
      686.0,
      0.0,
      0.0,
      1147.6124010708231,
      514.5,
      0.0,
      0.0,
      0.0,
      1.0,
      0.0,
      0.0,
      0.0,
      0.0,
      1.0
    ],
    "W2C": [
      0.78353842007182,
      0.37455242646879905,
      -0.4957600468953616,
      4.046912205228673,
      -0.31402806953539614,
      0.9271957208169289,
      0.20419223012310708,
      -3.0501819392141973,
      0.5361472892920645,
      -0.004309886902272966,
      0.8441134456100442,
      2.0946612551485604,
      0.0,
      0.0,
      0.0,
      1.0
    ],
    "img_size": [
      1372,
      1029
    ]
  },
  "000021.jpg": {
    "K": [
      1147.6124010708231,
      0.0,
      686.0,
      0.0,
      0.0,
      1147.6124010708231,
      514.5,
      0.0,
      0.0,
      0.0,
      1.0,
      0.0,
      0.0,
      0.0,
      0.0,
      1.0
    ],
    "W2C": [
      0.9864692083514556,
      0.03380833302123097,
      -0.16042287116486348,
      2.052209103166183,
      0.001693349549473803,
      0.9763533017632815,
      0.21617438031191882,
      -3.2026299876154396,
      0.16393789538040354,
      -0.21352102180877733,
      0.963085219336264,
      -0.023501311137693475,
      0.0,
      0.0,
      0.0,
      1.0
    ],
    "img_size": [
      1372,
      1029
    ]
  },
  "000022.jpg": {
    "K": [
      1147.6124010708231,
      0.0,
      686.0,
      0.0,
      0.0,
      1147.6124010708231,
      514.5,
      0.0,
      0.0,
      0.0,
      1.0,
      0.0,
      0.0,
      0.0,
      0.0,
      1.0
    ],
    "W2C": [
      0.986514945078455,
      -0.08500584841137804,
      0.13986518105917106,
      -0.5856551976403819,
      0.05689531152891678,
      0.979364690467936,
      0.19392711669767,
      -2.33869754251032,
      -0.15346395884011463,
      -0.18335432582981517,
      0.9709943380558992,
      0.004878631663286115,
      0.0,
      0.0,
      0.0,
      1.0
    ],
    "img_size": [
      1372,
      1029
    ]
  },
  "000023.jpg": {
    "K": [
      1147.6124010708231,
      0.0,
      686.0,
      0.0,
      0.0,
      1147.6124010708231,
      514.5,
      0.0,
      0.0,
      0.0,
      1.0,
      0.0,
      0.0,
      0.0,
      0.0,
      1.0
    ],
    "W2C": [
      0.9024405128813411,
      -0.28088868843292647,
      0.32665373933401204,
      -1.6917933236247584,
      0.17305470521674454,
      0.9307121952563047,
      0.32222178480595626,
      -2.399781716117571,
      -0.39452907334290077,
      -0.2342570261734335,
      0.8885215000074964,
      1.1422800557746418,
      0.0,
      0.0,
      0.0,
      1.0
    ],
    "img_size": [
      1372,
      1029
    ]
  },
  "000024.jpg": {
    "K": [
      1147.6124010708231,
      0.0,
      686.0,
      0.0,
      0.0,
      1147.6124010708231,
      514.5,
      0.0,
      0.0,
      0.0,
      1.0,
      0.0,
      0.0,
      0.0,
      0.0,
      1.0
    ],
    "W2C": [
      0.777877579628153,
      -0.40589976254377363,
      0.47974144482080605,
      -2.08126836712357,
      0.24666487008612523,
      0.8993619401574302,
      0.3609772049058748,
      -2.7720966949326544,
      -0.5779817583429786,
      -0.16246071329146367,
      0.7997147014151906,
      2.172330158809135,
      0.0,
      0.0,
      0.0,
      1.0
    ],
    "img_size": [
      1372,
      1029
    ]
  },
  "000025.jpg": {
    "K": [
      1147.6124010708231,
      0.0,
      686.0,
      0.0,
      0.0,
      1147.6124010708231,
      514.5,
      0.0,
      0.0,
      0.0,
      1.0,
      0.0,
      0.0,
      0.0,
      0.0,
      1.0
    ],
    "W2C": [
      0.6276189003217268,
      -0.5089485372839939,
      0.5891229942511405,
      -1.8530213360131553,
      0.2220066035815039,
      0.8423034327371163,
      0.4911598468578994,
      -2.5425060412840015,
      -0.7461954059930623,
      -0.17747200792168105,
      0.6416354903518785,
      3.6838047828180116,
      0.0,
      0.0,
      0.0,
      1.0
    ],
    "img_size": [
      1372,
      1029
    ]
  },
  "000029.jpg": {
    "K": [
      1147.6124010708231,
      0.0,
      686.0,
      0.0,
      0.0,
      1147.6124010708231,
      514.5,
      0.0,
      0.0,
      0.0,
      1.0,
      0.0,
      0.0,
      0.0,
      0.0,
      1.0
    ],
    "W2C": [
      0.9495439078800064,
      -0.2281956681003794,
      0.21515832326030795,
      -2.2323522053090925,
      0.10883467509465405,
      0.8831298544910855,
      0.4563295668742001,
      -3.101370158476719,
      -0.2941451691002366,
      -0.4098882740049726,
      0.8634061745946792,
      1.8006357347979398,
      0.0,
      0.0,
      0.0,
      1.0
    ],
    "img_size": [
      1372,
      1029
    ]
  },
  "000030.jpg": {
    "K": [
      1147.6124010708231,
      0.0,
      686.0,
      0.0,
      0.0,
      1147.6124010708231,
      514.5,
      0.0,
      0.0,
      0.0,
      1.0,
      0.0,
      0.0,
      0.0,
      0.0,
      1.0
    ],
    "W2C": [
      0.9795586683454218,
      0.020338196643854466,
      -0.20012789167584816,
      0.30201911500081774,
      0.07645951945895535,
      0.8825634561502445,
      0.46393500380143937,
      -4.173953013915993,
      0.18606116508677928,
      -0.4697532369504353,
      0.8629676350948156,
      0.6572068775603418,
      0.0,
      0.0,
      0.0,
      1.0
    ],
    "img_size": [
      1372,
      1029
    ]
  },
  "000031.jpg": {
    "K": [
      1147.6124010708231,
      0.0,
      686.0,
      0.0,
      0.0,
      1147.6124010708231,
      514.5,
      0.0,
      0.0,
      0.0,
      1.0,
      0.0,
      0.0,
      0.0,
      0.0,
      1.0
    ],
    "W2C": [
      0.8708953146303763,
      0.1777875216801851,
      -0.4581844040227428,
      3.3249458772868166,
      0.025585384579335048,
      0.9146110543199133,
      0.403524481799735,
      -3.4072570404206166,
      0.49080213839263764,
      -0.36315040472321497,
      0.7919817198007665,
      1.2337473139502775,
      0.0,
      0.0,
      0.0,
      1.0
    ],
    "img_size": [
      1372,
      1029
    ]
  },
  "000037.jpg": {
    "K": [
      1147.6124010708231,
      0.0,
      686.0,
      0.0,
      0.0,
      1147.6124010708231,
      514.5,
      0.0,
      0.0,
      0.0,
      1.0,
      0.0,
      0.0,
      0.0,
      0.0,
      1.0
    ],
    "W2C": [
      0.8538302018963555,
      0.1056433883064827,
      -0.5097190018399886,
      4.31100216725413,
      0.10842430688426488,
      0.9216220505232846,
      0.37263516429065424,
      -1.7628436742290887,
      0.5091347130242598,
      -0.37343308704021105,
      0.7754544303163936,
      2.1106664876641923,
      0.0,
      0.0,
      0.0,
      1.0
    ],
    "img_size": [
      1372,
      1029
    ]
  },
  "000045.jpg": {
    "K": [
      1147.6124010708231,
      0.0,
      686.0,
      0.0,
      0.0,
      1147.6124010708231,
      514.5,
      0.0,
      0.0,
      0.0,
      1.0,
      0.0,
      0.0,
      0.0,
      0.0,
      1.0
    ],
    "W2C": [
      0.7778893000207932,
      -0.3789377216028365,
      0.5012927688084198,
      -5.912650601877268,
      0.41522275692598304,
      0.9087221068813484,
      0.042593363284780694,
      -1.2480665329206961,
      -0.47167605307450855,
      0.17501524394056203,
      0.8642287691025328,
      2.6695275488933348,
      0.0,
      0.0,
      0.0,
      1.0
    ],
    "img_size": [
      1372,
      1029
    ]
  },
  "000046.jpg": {
    "K": [
      1147.6124010708231,
      0.0,
      686.0,
      0.0,
      0.0,
      1147.6124010708231,
      514.5,
      0.0,
      0.0,
      0.0,
      1.0,
      0.0,
      0.0,
      0.0,
      0.0,
      1.0
    ],
    "W2C": [
      0.9893400306109628,
      -0.1454990407469674,
      0.006027683834721432,
      -3.006470801932264,
      0.14554872259900287,
      0.9866528675302584,
      -0.07301841099419218,
      0.9219486657471717,
      0.0046768772164290946,
      0.07311735865053233,
      0.9973123776848815,
      0.7771573287996909,
      0.0,
      0.0,
      0.0,
      1.0
    ],
    "img_size": [
      1372,
      1029
    ]
  },
  "000048.jpg": {
    "K": [
      1147.6124010708231,
      0.0,
      686.0,
      0.0,
      0.0,
      1147.6124010708231,
      514.5,
      0.0,
      0.0,
      0.0,
      1.0,
      0.0,
      0.0,
      0.0,
      0.0,
      1.0
    ],
    "W2C": [
      0.7256056209142553,
      0.29057573179102264,
      -0.6237485286489658,
      3.397817140585373,
      -0.36926743040043153,
      0.9293171092003246,
      0.0033578851997005266,
      0.9084874942990807,
      0.5806358994611859,
      0.22789351601496605,
      0.7816178718627382,
      1.7900399659546578,
      0.0,
      0.0,
      0.0,
      1.0
    ],
    "img_size": [
      1372,
      1029
    ]
  },
  "000053.jpg": {
    "K": [
      1147.6124010708231,
      0.0,
      686.0,
      0.0,
      0.0,
      1147.6124010708231,
      514.5,
      0.0,
      0.0,
      0.0,
      1.0,
      0.0,
      0.0,
      0.0,
      0.0,
      1.0
    ],
    "W2C": [
      0.9915833982967024,
      -0.03562171887297831,
      -0.12447271735966033,
      -0.23339505298158675,
      0.03008597457621059,
      0.9984848485385388,
      -0.046074302737763535,
      2.507639677150425,
      0.1259253681994339,
      0.04194163067294804,
      0.9911527133899857,
      0.31822416260542985,
      0.0,
      0.0,
      0.0,
      1.0
    ],
    "img_size": [
      1372,
      1029
    ]
  },
  "000054.jpg": {
    "K": [
      1147.6124010708231,
      0.0,
      686.0,
      0.0,
      0.0,
      1147.6124010708231,
      514.5,
      0.0,
      0.0,
      0.0,
      1.0,
      0.0,
      0.0,
      0.0,
      0.0,
      1.0
    ],
    "W2C": [
      0.9966558789393748,
      -0.07242004196121611,
      -0.03784701438579098,
      -1.0445336154204055,
      0.06835889759452193,
      0.9926992456446289,
      -0.09937438712387966,
      2.654348455176381,
      0.04476739991605761,
      0.09645488696235528,
      0.9943300934226195,
      0.3990020814935643,
      0.0,
      0.0,
      0.0,
      1.0
    ],
    "img_size": [
      1372,
      1029
    ]
  },
  "000055.jpg": {
    "K": [
      1147.6124010708231,
      0.0,
      686.0,
      0.0,
      0.0,
      1147.6124010708231,
      514.5,
      0.0,
      0.0,
      0.0,
      1.0,
      0.0,
      0.0,
      0.0,
      0.0,
      1.0
    ],
    "W2C": [
      0.9954269289018912,
      -0.08211937486715243,
      -0.04880202340454357,
      -1.3381824377980494,
      0.07550521449430188,
      0.9893246451975793,
      -0.12464232422758098,
      2.7818861496416227,
      0.058516594237181904,
      0.12038751877213871,
      0.9910008342694618,
      0.5276294422336816,
      0.0,
      0.0,
      0.0,
      1.0
    ],
    "img_size": [
      1372,
      1029
    ]
  },
  "000056.jpg": {
    "K": [
      1147.6124010708231,
      0.0,
      686.0,
      0.0,
      0.0,
      1147.6124010708231,
      514.5,
      0.0,
      0.0,
      0.0,
      1.0,
      0.0,
      0.0,
      0.0,
      0.0,
      1.0
    ],
    "W2C": [
      0.9754910633288707,
      -0.188616076945939,
      0.11331884610704855,
      -2.360931563379617,
      0.19914448572625654,
      0.9758209068340149,
      -0.09008347012890768,
      2.243437712172172,
      -0.09358770843617305,
      0.11044244339548369,
      0.9894664256691591,
      1.0217046642935381,
      0.0,
      0.0,
      0.0,
      1.0
    ],
    "img_size": [
      1372,
      1029
    ]
  },
  "000057.jpg": {
    "K": [
      1147.6124010708231,
      0.0,
      686.0,
      0.0,
      0.0,
      1147.6124010708231,
      514.5,
      0.0,
      0.0,
      0.0,
      1.0,
      0.0,
      0.0,
      0.0,
      0.0,
      1.0
    ],
    "W2C": [
      0.8931233022835376,
      -0.30812606367557055,
      0.3277027552553485,
      -3.7089380809623993,
      0.31975822382980856,
      0.9473037772647408,
      0.019241410373475498,
      1.3104335345459825,
      -0.3163628379113998,
      0.08760069899123353,
      0.944584920652925,
      1.7867434961604838,
      0.0,
      0.0,
      0.0,
      1.0
    ],
    "img_size": [
      1372,
      1029
    ]
  }
}