{
  "000001.jpg": {
    "K": [
      1797.951583162264,
      0.0,
      960.0,
      0.0,
      0.0,
      1675.4071110638884,
      540.0,
      0.0,
      0.0,
      0.0,
      1.0,
      0.0,
      0.0,
      0.0,
      0.0,
      1.0
    ],
    "W2C": [
      0.8620445424668963,
      -0.008143159955824994,
      0.5067671020784333,
      -4.644754198685381,
      -0.005930102994368729,
      0.9996404263312025,
      0.026150562572302024,
      -0.3109182681735869,
      -0.5067978301862742,
      -0.02554813085737492,
      0.861686284170857,
      3.0987018010371834,
      0.0,
      0.0,
      0.0,
      1.0
    ],
    "img_size": [
      1920,
      1080
    ]
  },
  "000002.jpg": {
    "K": [
      1797.951583162264,
      0.0,
      960.0,
      0.0,
      0.0,
      1675.4071110638884,
      540.0,
      0.0,
      0.0,
      0.0,
      1.0,
      0.0,
      0.0,
      0.0,
      0.0,
      1.0
    ],
    "W2C": [
      0.8674815451312365,
      -0.008016839161882524,
      0.4974047638961405,
      -4.672397473232033,
      -0.0056959704556366255,
      0.999644531641526,
      0.02604546562768366,
      -0.2942769116951707,
      -0.49743675455005465,
      -0.025427163606010855,
      0.8671275192113684,
      2.947077817073783,
      0.0,
      0.0,
      0.0,
      1.0
    ],
    "img_size": [
      1920,
      1080
    ]
  },
  "000003.jpg": {
    "K": [
      1797.951583162264,
      0.0,
      960.0,
      0.0,
      0.0,
      1675.4071110638884,
      540.0,
      0.0,
      0.0,
      0.0,
      1.0,
      0.0,
      0.0,
      0.0,
      0.0,
      1.0
    ],
    "W2C": [
      0.8740018439178343,
      -0.007537366759519171,
      0.48586414246223025,
      -4.660583713668148,
      -0.005644714665860861,
      0.9996547393557936,
      0.02566202018239665,
      -0.27107114842317126,
      -0.4858898167533117,
      -0.02517121740864381,
      0.873657539193476,
      2.806190049086347,
      0.0,
      0.0,
      0.0,
      1.0
    ],
    "img_size": [
      1920,
      1080
    ]
  },
  "000004.jpg": {
    "K": [
      1797.951583162264,
      0.0,
      960.0,
      0.0,
      0.0,
      1675.4071110638884,
      540.0,
      0.0,
      0.0,
      0.0,
      1.0,
      0.0,
      0.0,
      0.0,
      0.0,
      1.0
    ],
    "W2C": [
      0.8800727048043168,
      -0.0069913949873213616,
      0.4747874836751125,
      -4.6161694470978025,
      -0.00573010610737038,
      0.9996624238633194,
      0.025341748158158983,
      -0.2655291813986391,
      -0.474804380921672,
      -0.025023163505930566,
      0.879735551825515,
      2.720095946776029,
      0.0,
      0.0,
      0.0,
      1.0
    ],
    "img_size": [
      1920,
      1080
    ]
  },
  "000005.jpg": {
    "K": [
      1797.951583162264,
      0.0,
      960.0,
      0.0,
      0.0,
      1675.4071110638884,
      540.0,
      0.0,
      0.0,
      0.0,
      1.0,
      0.0,
      0.0,
      0.0,
      0.0,
      1.0
    ],
    "W2C": [
      0.8872152643739045,
      -0.006730722865814599,
      0.4613065922265217,
      -4.511282965141291,
      -0.005366249174634827,
      0.9996753808569829,
      0.024906550910189514,
      -0.26477208173393885,
      -0.4613244823676048,
      -0.024572958270215075,
      0.8868911385790884,
      2.592611231583126,
      0.0,
      0.0,
      0.0,
      1.0
    ],
    "img_size": [
      1920,
      1080
    ]
  },
  "000006.jpg": {
    "K": [
      1797.951583162264,
      0.0,
      960.0,
      0.0,
      0.0,
      1675.4071110638884,
      540.0,
      0.0,
      0.0,
      0.0,
      1.0,
      0.0,
      0.0,
      0.0,
      0.0,
      1.0
    ],
    "W2C": [
      0.8950603670942765,
      -0.004988902055793692,
      0.44591708883304376,
      -4.350126544829272,
      -0.005920039181453308,
      0.9997163770639654,
      0.02306769529427125,
      -0.22747105292877223,
      -0.4459056989915569,
      -0.023286826455680556,
      0.8947769729493904,
      2.509809823316377,
      0.0,
      0.0,
      0.0,
      1.0
    ],
    "img_size": [
      1920,
      1080
    ]
  },
  "000007.jpg": {
    "K": [
      1797.951583162264,
      0.0,
      960.0,
      0.0,
      0.0,
      1675.4071110638884,
      540.0,
      0.0,
      0.0,
      0.0,
      1.0,
      0.0,
      0.0,
      0.0,
      0.0,
      1.0
    ],
    "W2C": [
      0.9019577859901508,
      -0.004462765225414369,
      0.43180115333135516,
      -4.106435060597829,
      -0.00522269932253087,
      0.9997607202422163,
      0.021242073169813233,
      -0.17481681199132754,
      -0.43179263044143323,
      -0.02141462087705724,
      0.9017186580686684,
      2.490674118065487,
      0.0,
      0.0,
      0.0,
      1.0
    ],
    "img_size": [
      1920,
      1080
    ]
  },
  "000008.jpg": {
    "K": [
      1797.951583162264,
      0.0,
      960.0,
      0.0,
      0.0,
      1675.4071110638884,
      540.0,
      0.0,
      0.0,
      0.0,
      1.0,
      0.0,
      0.0,
      0.0,
      0.0,
      1.0
    ],
    "W2C": [
      0.9112193142020473,
      -0.0039137135346014,
      0.4119029549196266,
      -3.832240375323369,
      -0.004386417098777373,
      0.9998059753330054,
      0.019203412026339146,
      -0.1288772972264862,
      -0.4118981922395222,
      -0.01930529810147648,
      0.9110253479980823,
      2.4897698344684485,
      0.0,
      0.0,
      0.0,
      1.0
    ],
    "img_size": [
      1920,
      1080
    ]
  },
  "000009.jpg": {
    "K": [
      1797.951583162264,
      0.0,
      960.0,
      0.0,
      0.0,
      1675.4071110638884,
      540.0,
      0.0,
      0.0,
      0.0,
      1.0,
      0.0,
      0.0,
      0.0,
      0.0,
      1.0
    ],
    "W2C": [
      0.9198786570123393,
      -0.0029553341570779635,
      0.39219194582907435,
      -3.5938104110583793,
      -0.004116501639858105,
      0.9998437768196531,
      0.017189426088767352,
      -0.1213349153923506,
      -0.39218147685405114,
      -0.0174266449734927,
      0.9197227850051033,
      2.4733255735355364,
      0.0,
      0.0,
      0.0,
      1.0
    ],
    "img_size": [
      1920,
      1080
    ]
  },
  "000010.jpg": {
    "K": [
      1797.951583162264,
      0.0,
      960.0,
      0.0,
      0.0,
      1675.4071110638884,
      540.0,
      0.0,
      0.0,
      0.0,
      1.0,
      0.0,
      0.0,
      0.0,
      0.0,
      1.0
    ],
    "W2C": [
      0.9309888705993142,
      -0.0027652771288705076,
      0.36503708861239553,
      -3.39828250072358,
      -0.003186102806220969,
      0.9998716682919282,
      0.01570018140100743,
      -0.11608252083893188,
      -0.3650336581318517,
      -0.01577973984313095,
      0.930860584750134,
      2.437792889965396,
      0.0,
      0.0,
      0.0,
      1.0
    ],
    "img_size": [
      1920,
      1080
    ]
  },
  "000011.jpg": {
    "K": [
      1797.951583162264,
      0.0,
      960.0,
      0.0,
      0.0,
      1675.4071110638884,
      540.0,
      0.0,
      0.0,
      0.0,
      1.0,
      0.0,
      0.0,
      0.0,
      0.0,
      1.0
    ],
    "W2C": [
      0.9426856833011008,
      -0.00179853287651165,
      0.33367719097749116,
      -3.3135808724375995,
      -0.002908950942060758,
      0.9999031793192797,
      0.01360771808986629,
      -0.09559347059465279,
      -0.33366935805307874,
      -0.013798451604752512,
      0.9425891799876327,
      2.409812828901939,
      0.0,
      0.0,
      0.0,
      1.0
    ],
    "img_size": [
      1920,
      1080
    ]
  },
  "000012.jpg": {
    "K": [
      1797.951583162264,
      0.0,
      960.0,
      0.0,
      0.0,
      1675.4071110638884,
      540.0,
      0.0,
      0.0,
      0.0,
      1.0,
      0.0,
      0.0,
      0.0,
      0.0,
      1.0
    ],
    "W2C": [
      0.9565678207647342,
      -0.0005910942082740555,
      0.29150927066740845,
      -3.268421832964606,
      -0.0028728736147162143,
      0.9999302657833007,
      0.011454700682757278,
      -0.06290961137761274,
      -0.291495713303989,
      -0.011794667361763007,
      0.9564994171180786,
      2.332147079483022,
      0.0,
      0.0,
      0.0,
      1.0
    ],
    "img_size": [
      1920,
      1080
    ]
  },
  "000013.jpg": {
    "K": [
      1797.951583162264,
      0.0,
      960.0,
      0.0,
      0.0,
      1675.4071110638884,
      540.0,
      0.0,
      0.0,
      0.0,
      1.0,
      0.0,
      0.0,
      0.0,
      0.0,
      1.0
    ],
    "W2C": [
      0.9694571175260942,
      8.911659870690407e-05,
      0.24526085977226128,
      -3.2135653611573183,
      -0.0024902722474937295,
      0.9999519618789916,
      0.009480109624326261,
      -0.0400114607628746,
      -0.24524823306627583,
      -0.009801326062718033,
      0.9694107685523624,
      2.1929076150902915,
      0.0,
      0.0,
      0.0,
      1.0
    ],
    "img_size": [
      1920,
      1080
    ]
  },
  "000014.jpg": {
    "K": [
      1797.951583162264,
      0.0,
      960.0,
      0.0,
      0.0,
      1675.4071110638884,
      540.0,
      0.0,
      0.0,
      0.0,
      1.0,
      0.0,
      0.0,
      0.0,
      0.0,
      1.0
    ],
    "W2C": [
      0.9792422952224451,
      0.0001938494395046607,
      0.2026930923092171,
      -3.145170715119117,
      -0.0018302636336191803,
      0.9999672303925365,
      0.007885954356423383,
      -0.0565703757522299,
      -0.20268492144831454,
      -0.008093241839642848,
      0.9792105606323984,
      2.0286019125456183,
      0.0,
      0.0,
      0.0,
      1.0
    ],
    "img_size": [
      1920,
      1080
    ]
  },
  "000015.jpg": {
    "K": [
      1797.951583162264,
      0.0,
      960.0,
      0.0,
      0.0,
      1675.4071110638884,
      540.0,
      0.0,
      0.0,
      0.0,
      1.0,
      0.0,
      0.0,
      0.0,
      0.0,
      1.0
    ],
    "W2C": [
      0.9879844869061564,
      8.481755535862131e-05,
      0.15455305379953288,
      -3.014185814531572,
      -0.0010985492499354203,
      0.9999784418079749,
      0.006473724495220148,
      -0.10406019715555936,
      -0.15454917282963526,
      -0.0065657235151086,
      0.9879632809231317,
      1.8301893084604661,
      0.0,
      0.0,
      0.0,
      1.0
    ],
    "img_size": [
      1920,
      1080
    ]
  },
  "000016.jpg": {
    "K": [
      1797.951583162264,
      0.0,
      960.0,
      0.0,
      0.0,
      1675.4071110638884,
      540.0,
      0.0,
      0.0,
      0.0,
      1.0,
      0.0,
      0.0,
      0.0,
      0.0,
      1.0
    ],
    "W2C": [
      0.9937236037083351,
      6.8804303044008e-06,
      0.1118633066987546,
      -2.8464591425875883,
      -0.0004709988281105195,
      0.9999913913261282,
      0.004122551847866143,
      -0.15062247852145297,
      -0.11186231533909835,
      -0.004149364565099681,
      0.9937150523065865,
      1.6143240087336295,
      0.0,
      0.0,
      0.0,
      1.0
    ],
    "img_size": [
      1920,
      1080
    ]
  },
  "000017.jpg": {
    "K": [
      1797.951583162264,
      0.0,
      960.0,
      0.0,
      0.0,
      1675.4071110638884,
      540.0,
      0.0,
      0.0,
      0.0,
      1.0,
      0.0,
      0.0,
      0.0,
      0.0,
      1.0
    ],
    "W2C": [
      0.9979391655261194,
      -0.0005975989309734812,
      0.0641643575869836,
      -2.606383393609453,
      0.00039937770749645706,
      0.9999951088648458,
      0.0031020547757805396,
      -0.16540873190468916,
      -0.06416589753505639,
      -0.0030700361403226727,
      0.9979345231384762,
      1.4116809427106338,
      0.0,
      0.0,
      0.0,
      1.0
    ],
    "img_size": [
      1920,
      1080
    ]
  },
  "000018.jpg": {
    "K": [
      1797.951583162264,
      0.0,
      960.0,
      0.0,
      0.0,
      1675.4071110638884,
      540.0,
      0.0,
      0.0,
      0.0,
      1.0,
      0.0,
      0.0,
      0.0,
      0.0,
      1.0
    ],
    "W2C": [
      0.999752823820556,
      -0.0011643928358565495,
      0.022202149719076067,
      -2.388759630680675,
      0.0011279888423013644,
      0.999997999078749,
      0.0016521136977017542,
      -0.11212391343916232,
      -0.022204029003676497,
      -0.001626661557391727,
      0.9997521368160118,
      1.2676742311128182,
      0.0,
      0.0,
      0.0,
      1.0
    ],
    "img_size": [
      1920,
      1080
    ]
  },
  "000019.jpg": {
    "K": [
      1797.951583162264,
      0.0,
      960.0,
      0.0,
      0.0,
      1675.4071110638884,
      540.0,
      0.0,
      0.0,
      0.0,
      1.0,
      0.0,
      0.0,
      0.0,
      0.0,
      1.0
    ],
    "W2C": [
      0.9997322957084833,
      -0.0030071404398799456,
      -0.022941099010741782,
      -2.175335650258729,
      0.0030033685412234165,
      0.9999954701038486,
      -0.00019886977812088954,
      -0.06441149918118177,
      0.02294159311929772,
      0.0001299159647578801,
      0.9997367985760007,
      1.1667071188401543,
      0.0,
      0.0,
      0.0,
      1.0
    ],
    "img_size": [
      1920,
      1080
    ]
  },
  "000020.jpg": {
    "K": [
      1797.951583162264,
      0.0,
      960.0,
      0.0,
      0.0,
      1675.4071110638884,
      540.0,
      0.0,
      0.0,
      0.0,
      1.0,
      0.0,
      0.0,
      0.0,
      0.0,
      1.0
    ],
    "W2C": [
      0.9978487629965064,
      -0.004772664477032928,
      -0.06538400309044944,
      -2.0019031099542857,
      0.004681703984893983,
      0.9999878482849295,
      -0.0015443219466406387,
      -0.026720567549513245,
      0.06539057909316955,
      0.0012348911963068403,
      0.9978589816249556,
      1.1342310575147139,
      0.0,
      0.0,
      0.0,
      1.0
    ],
    "img_size": [
      1920,
      1080
    ]
  },
  "000021.jpg": {
    "K": [
      1797.951583162264,
      0.0,
      960.0,
      0.0,
      0.0,
      1675.4071110638884,
      540.0,
      0.0,
      0.0,
      0.0,
      1.0,
      0.0,
      0.0,
      0.0,
      0.0,
      1.0
    ],
    "W2C": [
      0.9948055956535853,
      -0.006448442148801603,
      -0.10158860393847678,
      -1.9290444944384788,
      0.00615463400967304,
      0.9999759229577436,
      -0.0032053057601037225,
      0.010891555712775614,
      0.10160682721413024,
      0.002563415429136898,
      0.9948213314785804,
      1.0896113127537919,
      0.0,
      0.0,
      0.0,
      1.0
    ],
    "img_size": [
      1920,
      1080
    ]
  },
  "000022.jpg": {
    "K": [
      1797.951583162264,
      0.0,
      960.0,
      0.0,
      0.0,
      1675.4071110638884,
      540.0,
      0.0,
      0.0,
      0.0,
      1.0,
      0.0,
      0.0,
      0.0,
      0.0,
      1.0
    ],
    "W2C": [
      0.9902324121036487,
      -0.007623083340373723,
      -0.13921802548440218,
      -1.852600259324132,
      0.006954282345549589,
      0.9999618272179036,
      -0.005289807566431757,
      0.034218799028798104,
      0.13925303578898493,
      0.004269977449263399,
      0.9902476252514493,
      1.0163678415604975,
      0.0,
      0.0,
      0.0,
      1.0
    ],
    "img_size": [
      1920,
      1080
    ]
  },
  "000023.jpg": {
    "K": [
      1797.951583162264,
      0.0,
      960.0,
      0.0,
      0.0,
      1675.4071110638884,
      540.0,
      0.0,
      0.0,
      0.0,
      1.0,
      0.0,
      0.0,
      0.0,
      0.0,
      1.0
    ],
    "W2C": [
      0.9847891876545197,
      -0.008171747722653878,
      -0.1735611662149936,
      -1.7389216034057335,
      0.007057082270947827,
      0.9999503275947765,
      -0.007038460976682811,
      0.021444498776971434,
      0.1736100615418715,
      0.0057065648385446425,
      0.9847979395029071,
      0.9547085132411458,
      0.0,
      0.0,
      0.0,
      1.0
    ],
    "img_size": [
      1920,
      1080
    ]
  },
  "000024.jpg": {
    "K": [
      1797.951583162264,
      0.0,
      960.0,
      0.0,
      0.0,
      1675.4071110638884,
      540.0,
      0.0,
      0.0,
      0.0,
      1.0,
      0.0,
      0.0,
      0.0,
      0.0,
      1.0
    ],
    "W2C": [
      0.9772482420698894,
      -0.008770067615327512,
      -0.21191734069050022,
      -1.5836314016779567,
      0.007142599269563953,
      0.999938838855897,
      -0.008444040691227233,
      -0.006769832330474159,
      0.21197843439129693,
      0.006738283278644524,
      0.977251113527875,
      0.9001222007761046,
      0.0,
      0.0,
      0.0,
      1.0
    ],
    "img_size": [
      1920,
      1080
    ]
  },
  "000025.jpg": {
    "K": [
      1797.951583162264,
      0.0,
      960.0,
      0.0,
      0.0,
      1675.4071110638884,
      540.0,
      0.0,
      0.0,
      0.0,
      1.0,
      0.0,
      0.0,
      0.0,
      0.0,
      1.0
    ],
    "W2C": [
      0.9688270741703716,
      -0.006332901605809804,
      -0.24765701022125047,
      -1.3626720372960162,
      0.0037014372851399933,
      0.9999316577779253,
      -0.011089595822872127,
      0.01445084319162441,
      0.24771031411005395,
      0.009827213783245943,
      0.9687843032134434,
      0.8375381414698855,
      0.0,
      0.0,
      0.0,
      1.0
    ],
    "img_size": [
      1920,
      1080
    ]
  },
  "000026.jpg": {
    "K": [
      1797.951583162264,
      0.0,
      960.0,
      0.0,
      0.0,
      1675.4071110638884,
      540.0,
      0.0,
      0.0,
      0.0,
      1.0,
      0.0,
      0.0,
      0.0,
      0.0,
      1.0
    ],
    "W2C": [
      0.9574340040280549,
      -0.005606339719782046,
      -0.28859781164408227,
      -1.030320962892966,
      0.0016559397395026778,
      0.9999015935553998,
      -0.013930580352285964,
      0.05379252706759452,
      0.2886475113254676,
      0.012859710740088756,
      0.9573490701125142,
      0.828533004104326,
      0.0,
      0.0,
      0.0,
      1.0
    ],
    "img_size": [
      1920,
      1080
    ]
  },
  "000027.jpg": {
    "K": [
      1797.951583162264,
      0.0,
      960.0,
      0.0,
      0.0,
      1675.4071110638884,
      540.0,
      0.0,
      0.0,
      0.0,
      1.0,
      0.0,
      0.0,
      0.0,
      0.0,
      1.0
    ],
    "W2C": [
      0.9426147729403423,
      -0.006295523936303562,
      -0.3338229414120521,
      -0.703258126633463,
      0.0009274947174789359,
      0.9998677343361143,
      -0.01623741319036604,
      0.07697738486357576,
      0.3338810111224895,
      0.014996006532842446,
      0.9424959364368056,
      0.8679701045105953,
      0.0,
      0.0,
      0.0,
      1.0
    ],
    "img_size": [
      1920,
      1080
    ]
  },
  "000028.jpg": {
    "K": [
      1797.951583162264,
      0.0,
      960.0,
      0.0,
      0.0,
      1675.4071110638884,
      540.0,
      0.0,
      0.0,
      0.0,
      1.0,
      0.0,
      0.0,
      0.0,
      0.0,
      1.0
    ],
    "W2C": [
      0.9269482869612724,
      -0.005657807709367443,
      -0.3751464547499899,
      -0.46232614901248625,
      -0.0017578050561562956,
      0.9998098282950973,
      -0.019422084489378957,
      0.08936254442641849,
      0.37518499892845786,
      0.018662702281605565,
      0.9267620623021863,
      0.927633911120335,
      0.0,
      0.0,
      0.0,
      1.0
    ],
    "img_size": [
      1920,
      1080
    ]
  },
  "000029.jpg": {
    "K": [
      1797.951583162264,
      0.0,
      960.0,
      0.0,
      0.0,
      1675.4071110638884,
      540.0,
      0.0,
      0.0,
      0.0,
      1.0,
      0.0,
      0.0,
      0.0,
      0.0,
      1.0
    ],
    "W2C": [
      0.9057471987782183,
      -0.005863991462308447,
      -0.42377780204907056,
      -0.24175575466739166,
      -0.0036722597045425673,
      0.9997581549302428,
      -0.021682854035841543,
      0.11180477059783592,
      0.423802461547917,
      0.021195406450624874,
      0.9055066141841922,
      1.0070942931540068,
      0.0,
      0.0,
      0.0,
      1.0
    ],
    "img_size": [
      1920,
      1080
    ]
  },
  "000030.jpg": {
    "K": [
      1797.951583162264,
      0.0,
      960.0,
      0.0,
      0.0,
      1675.4071110638884,
      540.0,
      0.0,
      0.0,
      0.0,
      1.0,
      0.0,
      0.0,
      0.0,
      0.0,
      1.0
    ],
    "W2C": [
      0.8839709732712626,
      -0.007738306521550439,
      -0.46747773960482386,
      -0.09890683440990923,
      -0.004094381331416645,
      0.9996965575475641,
      -0.024290509855970744,
      0.16431387699927102,
      0.4675238544238892,
      0.023386137768528496,
      0.8836710553734923,
      1.10302769863332,
      0.0,
      0.0,
      0.0,
      1.0
    ],
    "img_size": [
      1920,
      1080
    ]
  },
  "000031.jpg": {
    "K": [
      1797.951583162264,
      0.0,
      960.0,
      0.0,
      0.0,
      1675.4071110638884,
      540.0,
      0.0,
      0.0,
      0.0,
      1.0,
      0.0,
      0.0,
      0.0,
      0.0,
      1.0
    ],
    "W2C": [
      0.8543870135098587,
      -0.008889510371638805,
      -0.5195611684403071,
      0.1172008020335296,
      -0.005611714762551055,
      0.9996375126899529,
      -0.026331575730824737,
      0.17615161438765134,
      0.519606908925515,
      0.025412985428652765,
      0.854027423663008,
      1.1579971298727592,
      0.0,
      0.0,
      0.0,
      1.0
    ],
    "img_size": [
      1920,
      1080
    ]
  },
  "000032.jpg": {
    "K": [
      1797.951583162264,
      0.0,
      960.0,
      0.0,
      0.0,
      1675.4071110638884,
      540.0,
      0.0,
      0.0,
      0.0,
      1.0,
      0.0,
      0.0,
      0.0,
      0.0,
      1.0
    ],
    "W2C": [
      0.8301332696219273,
      -0.010939905270156912,
      -0.5574576873086321,
      0.33836191844858027,
      -0.006214600399740479,
      0.9995638414657881,
      -0.02887049663633,
      0.12410586313116083,
      0.5575303878791542,
      0.027430736534712105,
      0.8297032127721834,
      1.1528401115429476,
      0.0,
      0.0,
      0.0,
      1.0
    ],
    "img_size": [
      1920,
      1080
    ]
  },
  "000033.jpg": {
    "K": [
      1797.951583162264,
      0.0,
      960.0,
      0.0,
      0.0,
      1675.4071110638884,
      540.0,
      0.0,
      0.0,
      0.0,
      1.0,
      0.0,
      0.0,
      0.0,
      0.0,
      1.0
    ],
    "W2C": [
      0.8013999136761355,
      -0.012532746955175974,
      -0.5979975824479897,
      0.634269357695649,
      -0.0070212583505114,
      0.9995144550507362,
      -0.030357142088894735,
      0.04919154351269757,
      0.5980876861222426,
      0.028526906568842998,
      0.8009228023414957,
      1.133204314631878,
      0.0,
      0.0,
      0.0,
      1.0
    ],
    "img_size": [
      1920,
      1080
    ]
  },
  "000034.jpg": {
    "K": [
      1797.951583162264,
      0.0,
      960.0,
      0.0,
      0.0,
      1675.4071110638884,
      540.0,
      0.0,
      0.0,
      0.0,
      1.0,
      0.0,
      0.0,
      0.0,
      0.0,
      1.0
    ],
    "W2C": [
      0.7741519045336209,
      -0.015159146601590682,
      -0.6328183222547205,
      0.9726388224997078,
      -0.008001015133212634,
      0.9993990041270616,
      -0.03372853846041675,
      -0.05096722670613362,
      0.6329492969139044,
      0.031174201259201353,
      0.7735653538726028,
      1.0952934850672864,
      0.0,
      0.0,
      0.0,
      1.0
    ],
    "img_size": [
      1920,
      1080
    ]
  },
  "000035.jpg": {
    "K": [
      1797.951583162264,
      0.0,
      960.0,
      0.0,
      0.0,
      1675.4071110638884,
      540.0,
      0.0,
      0.0,
      0.0,
      1.0,
      0.0,
      0.0,
      0.0,
      0.0,
      1.0
    ],
    "W2C": [
      0.7488784958243655,
      -0.017110804387556452,
      -0.6624863914564937,
      1.30369201434146,
      -0.00873163848133547,
      0.9993250837795551,
      -0.03568102322546717,
      -0.081738512377698,
      0.6626497996538346,
      0.0325053426715647,
      0.7482236602223542,
      1.0739361421560847,
      0.0,
      0.0,
      0.0,
      1.0
    ],
    "img_size": [
      1920,
      1080
    ]
  },
  "000036.jpg": {
    "K": [
      1797.951583162264,
      0.0,
      960.0,
      0.0,
      0.0,
      1675.4071110638884,
      540.0,
      0.0,
      0.0,
      0.0,
      1.0,
      0.0,
      0.0,
      0.0,
      0.0,
      1.0
    ],
    "W2C": [
      0.7205500244404855,
      -0.01829215955937139,
      -0.6931616400071994,
      1.6669862103190543,
      -0.009641600410501433,
      0.9992910319481527,
      -0.03639330995554615,
      -0.07211436185009305,
      0.6933359227822686,
      0.0329063879307762,
      0.7198628118002829,
      1.156384468902065,
      0.0,
      0.0,
      0.0,
      1.0
    ],
    "img_size": [
      1920,
      1080
    ]
  },
  "000037.jpg": {
    "K": [
      1797.951583162264,
      0.0,
      960.0,
      0.0,
      0.0,
      1675.4071110638884,
      540.0,
      0.0,
      0.0,
      0.0,
      1.0,
      0.0,
      0.0,
      0.0,
      0.0,
      1.0
    ],
    "W2C": [
      0.6966146717234782,
      -0.021014438564258386,
      -0.7171376384707608,
      1.9558019297500862,
      -0.009669034708639024,
      0.9992051674902938,
      -0.038672251401969227,
      -0.0443019375124497,
      0.7173803098129985,
      0.03387368643243582,
      0.6958577903997938,
      1.2308414336825282,
      0.0,
      0.0,
      0.0,
      1.0
    ],
    "img_size": [
      1920,
      1080
    ]
  },
  "000038.jpg": {
    "K": [
      1797.951583162264,
      0.0,
      960.0,
      0.0,
      0.0,
      1675.4071110638884,
      540.0,
      0.0,
      0.0,
      0.0,
      1.0,
      0.0,
      0.0,
      0.0,
      0.0,
      1.0
    ],
    "W2C": [
      0.6696445322642515,
      -0.023717773570255438,
      -0.7423029486843373,
      2.1831984773773767,
      -0.009588552852178692,
      0.9991305339948793,
      -0.04057383015329345,
      -0.03228246679779277,
      0.7426198624214093,
      0.03428765457095923,
      0.6688348799825183,
      1.3103444161138413,
      0.0,
      0.0,
      0.0,
      1.0
    ],
    "img_size": [
      1920,
      1080
    ]
  },
  "000039.jpg": {
    "K": [
      1797.951583162264,
      0.0,
      960.0,
      0.0,
      0.0,
      1675.4071110638884,
      540.0,
      0.0,
      0.0,
      0.0,
      1.0,
      0.0,
      0.0,
      0.0,
      0.0,
      1.0
    ],
    "W2C": [
      0.6451545070980254,
      -0.025806169368705598,
      -0.763616201762127,
      2.3189606420807394,
      -0.010947681462001833,
      0.999014627408874,
      -0.04301072533351354,
      -0.017037735926683638,
      0.7639736973493984,
      0.03610839023858698,
      0.6442362718076867,
      1.3653363116044819,
      0.0,
      0.0,
      0.0,
      1.0
    ],
    "img_size": [
      1920,
      1080
    ]
  },
  "000040.jpg": {
    "K": [
      1797.951583162264,
      0.0,
      960.0,
      0.0,
      0.0,
      1675.4071110638884,
      540.0,
      0.0,
      0.0,
      0.0,
      1.0,
      0.0,
      0.0,
      0.0,
      0.0,
      1.0
    ],
    "W2C": [
      0.6183848297172918,
      -0.025910554312009115,
      -0.7854481813275529,
      2.474116021179659,
      -0.011594769578190604,
      0.9990467367438053,
      -0.04208537893357383,
      -0.0029410987988526,
      0.7857898979332483,
      0.0351320505635276,
      0.6174949192740431,
      1.3983980698997904,
      0.0,
      0.0,
      0.0,
      1.0
    ],
    "img_size": [
      1920,
      1080
    ]
  },
  "000041.jpg": {
    "K": [
      1797.951583162264,
      0.0,
      960.0,
      0.0,
      0.0,
      1675.4071110638884,
      540.0,
      0.0,
      0.0,
      0.0,
      1.0,
      0.0,
      0.0,
      0.0,
      0.0,
      1.0
    ],
    "W2C": [
      0.5901846689944001,
      -0.02626942493834443,
      -0.8068407363274237,
      2.637695614471938,
      -0.012489603038007235,
      0.9990536372214648,
      -0.04166341045227719,
      0.005419084885101104,
      0.807171646119909,
      0.034666226618578024,
      0.589298045501685,
      1.4674303961481443,
      0.0,
      0.0,
      0.0,
      1.0
    ],
    "img_size": [
      1920,
      1080
    ]
  },
  "000042.jpg": {
    "K": [
      1797.951583162264,
      0.0,
      960.0,
      0.0,
      0.0,
      1675.4071110638884,
      540.0,
      0.0,
      0.0,
      0.0,
      1.0,
      0.0,
      0.0,
      0.0,
      0.0,
      1.0
    ],
    "W2C": [
      0.5633337095677675,
      -0.027925512025472728,
      -0.8257574083486828,
      2.794852784845747,
      -0.014358635921972819,
      0.9989468418475712,
      -0.04357793865275917,
      0.011781552337673548,
      0.826104691452045,
      0.036405671822926,
      0.5623394578188898,
      1.553169504694561,
      0.0,
      0.0,
      0.0,
      1.0
    ],
    "img_size": [
      1920,
      1080
    ]
  },
  "000043.jpg": {
    "K": [
      1797.951583162264,
      0.0,
      960.0,
      0.0,
      0.0,
      1675.4071110638884,
      540.0,
      0.0,
      0.0,
      0.0,
      1.0,
      0.0,
      0.0,
      0.0,
      0.0,
      1.0
    ],
    "W2C": [
      0.532384679242497,
      -0.02939046158732959,
      -0.8459921714032274,
      2.9664430736214427,
      -0.017484138396336606,
      0.9988020981394302,
      -0.04570200933011697,
      0.04901358418395229,
      0.8463219589567564,
      0.03912249378498327,
      0.5312330677467684,
      1.681745944758541,
      0.0,
      0.0,
      0.0,
      1.0
    ],
    "img_size": [
      1920,
      1080
    ]
  },
  "000044.jpg": {
    "K": [
      1797.951583162264,
      0.0,
      960.0,
      0.0,
      0.0,
      1675.4071110638884,
      540.0,
      0.0,
      0.0,
      0.0,
      1.0,
      0.0,
      0.0,
      0.0,
      0.0,
      1.0
    ],
    "W2C": [
      0.5064248810183669,
      -0.031247120240502663,
      -0.861717736478836,
      3.081499765074975,
      -0.021263971583495363,
      0.9985867440502633,
      -0.04870685906102507,
      0.09707457155515159,
      0.8620218578423806,
      0.0429899067662379,
      0.5050447351653129,
      1.8129349962292027,
      0.0,
      0.0,
      0.0,
      1.0
    ],
    "img_size": [
      1920,
      1080
    ]
  },
  "000045.jpg": {
    "K": [
      1797.951583162264,
      0.0,
      960.0,
      0.0,
      0.0,
      1675.4071110638884,
      540.0,
      0.0,
      0.0,
      0.0,
      1.0,
      0.0,
      0.0,
      0.0,
      0.0,
      1.0
    ],
    "W2C": [
      0.47683407404473166,
      -0.03204911989809735,
      -0.8784088568221867,
      3.2261710967947548,
      -0.024887552119953596,
      0.9984421642841916,
      -0.049938505473992124,
      0.12761809931834067,
      0.8786409252814144,
      0.04567382722365982,
      0.47529362075180775,
      1.9811230386627594,
      0.0,
      0.0,
      0.0,
      1.0
    ],
    "img_size": [
      1920,
      1080
    ]
  },
  "000046.jpg": {
    "K": [
      1797.951583162264,
      0.0,
      960.0,
      0.0,
      0.0,
      1675.4071110638884,
      540.0,
      0.0,
      0.0,
      0.0,
      1.0,
      0.0,
      0.0,
      0.0,
      0.0,
      1.0
    ],
    "W2C": [
      0.4511056450805502,
      -0.032613500430955095,
      -0.8918744623354236,
      3.38883833944262,
      -0.025553734256640353,
      0.9984503608252878,
      -0.049435651440975566,
      0.13737661005784965,
      0.8921046483692381,
      0.045091424434061916,
      0.44957319737780804,
      2.1380094428158856,
      0.0,
      0.0,
      0.0,
      1.0
    ],
    "img_size": [
      1920,
      1080
    ]
  },
  "000047.jpg": {
    "K": [
      1797.951583162264,
      0.0,
      960.0,
      0.0,
      0.0,
      1675.4071110638884,
      540.0,
      0.0,
      0.0,
      0.0,
      1.0,
      0.0,
      0.0,
      0.0,
      0.0,
      1.0
    ],
    "W2C": [
      0.42146703174993927,
      -0.0336289651920144,
      -0.9062199699013536,
      3.6054130179051667,
      -0.030983194459434232,
      0.998194747343143,
      -0.05145180305536482,
      0.17476183617005916,
      0.9063142847870074,
      0.04976282826240334,
      0.4196642445030813,
      2.3100976868854968,
      0.0,
      0.0,
      0.0,
      1.0
    ],
    "img_size": [
      1920,
      1080
    ]
  },
  "000048.jpg": {
    "K": [
      1797.951583162264,
      0.0,
      960.0,
      0.0,
      0.0,
      1675.4071110638884,
      540.0,
      0.0,
      0.0,
      0.0,
      1.0,
      0.0,
      0.0,
      0.0,
      0.0,
      1.0
    ],
    "W2C": [
      0.3871427758202399,
      -0.03395297335094197,
      -0.9213944143149718,
      3.856396006664981,
      -0.027770722595232562,
      0.9984389665004189,
      -0.048460469870961545,
      0.18969695785609364,
      0.921601463810002,
      0.04434890950413501,
      0.38559553437385125,
      2.5252389034474594,
      0.0,
      0.0,
      0.0,
      1.0
    ],
    "img_size": [
      1920,
      1080
    ]
  },
  "000049.jpg": {
    "K": [
      1797.951583162264,
      0.0,
      960.0,
      0.0,
      0.0,
      1675.4071110638884,
      540.0,
      0.0,
      0.0,
      0.0,
      1.0,
      0.0,
      0.0,
      0.0,
      0.0,
      1.0
    ],
    "W2C": [
      0.35849640668768973,
      -0.035542153707449994,
      -0.9328542660575931,
      4.040383265246686,
      -0.033654535754945356,
      0.9981333418663236,
      -0.050962771489430896,
      0.23197623241914164,
      0.9329242727119569,
      0.04966474770499539,
      0.3566310617714972,
      2.726898572089777,
      0.0,
      0.0,
      0.0,
      1.0
    ],
    "img_size": [
      1920,
      1080
    ]
  },
  "000050.jpg": {
    "K": [
      1797.951583162264,
      0.0,
      960.0,
      0.0,
      0.0,
      1675.4071110638884,
      540.0,
      0.0,
      0.0,
      0.0,
      1.0,
      0.0,
      0.0,
      0.0,
      0.0,
      1.0
    ],
    "W2C": [
      0.32810324071530844,
      -0.036988320524029075,
      -0.9439174368433523,
      4.177767422995872,
      -0.03259634742651822,
      0.9981947285567465,
      -0.050445634260783405,
      0.23493531505477963,
      0.9440793089389059,
      0.04731963679419671,
      0.3263052411578815,
      2.946140835482098,
      0.0,
      0.0,
      0.0,
      1.0
    ],
    "img_size": [
      1920,
      1080
    ]
  },
  "000051.jpg": {
    "K": [
      1797.951583162264,
      0.0,
      960.0,
      0.0,
      0.0,
      1675.4071110638884,
      540.0,
      0.0,
      0.0,
      0.0,
      1.0,
      0.0,
      0.0,
      0.0,
      0.0,
      1.0
    ],
    "W2C": [
      0.295985715206819,
      -0.03755636455147891,
      -0.9544537578506278,
      4.253487600966175,
      -0.03142712174406524,
      0.9983028736352233,
      -0.049027630072640695,
      0.21620531071458654,
      0.9546752287623221,
      0.04450721259899814,
      0.2943031016049203,
      3.145080793342095,
      0.0,
      0.0,
      0.0,
      1.0
    ],
    "img_size": [
      1920,
      1080
    ]
  },
  "000052.jpg": {
    "K": [
      1797.951583162264,
      0.0,
      960.0,
      0.0,
      0.0,
      1675.4071110638884,
      540.0,
      0.0,
      0.0,
      0.0,
      1.0,
      0.0,
      0.0,
      0.0,
      0.0,
      1.0
    ],
    "W2C": [
      0.25640941470545237,
      -0.03728135774648711,
      -0.9658490111891123,
      4.308835521118904,
      -0.04035818308880658,
      0.9979714894157755,
      -0.049235387385792403,
      0.19279900745944967,
      0.9657253383380691,
      0.05160432809210023,
      0.25438467763209555,
      3.3199700033302317,
      0.0,
      0.0,
      0.0,
      1.0
    ],
    "img_size": [
      1920,
      1080
    ]
  },
  "000053.jpg": {
    "K": [
      1797.951583162264,
      0.0,
      960.0,
      0.0,
      0.0,
      1675.4071110638884,
      540.0,
      0.0,
      0.0,
      0.0,
      1.0,
      0.0,
      0.0,
      0.0,
      0.0,
      1.0
    ],
    "W2C": [
      0.21918380405348833,
      -0.03813374300529106,
      -0.9749380891549211,
      4.371519397389189,
      -0.03609570192055293,
      0.9982349621643652,
      -0.047159947154032954,
      0.10937892807395311,
      0.975015671845076,
      0.04552777127331191,
      0.2174204721257416,
      3.461497946862795,
      0.0,
      0.0,
      0.0,
      1.0
    ],
    "img_size": [
      1920,
      1080
    ]
  },
  "000054.jpg": {
    "K": [
      1797.951583162264,
      0.0,
      960.0,
      0.0,
      0.0,
      1675.4071110638884,
      540.0,
      0.0,
      0.0,
      0.0,
      1.0,
      0.0,
      0.0,
      0.0,
      0.0,
      1.0
    ],
    "W2C": [
      0.1748761222889421,
      -0.037705949102138855,
      -0.9838681838821144,
      4.500895666732718,
      -0.042724344684571765,
      0.9980346008991527,
      -0.04584283781947686,
      0.05236781922513753,
      0.983663037947679,
      0.05005194112495406,
      0.172921458949337,
      3.6124972517327505,
      0.0,
      0.0,
      0.0,
      1.0
    ],
    "img_size": [
      1920,
      1080
    ]
  },
  "000055.jpg": {
    "K": [
      1797.951583162264,
      0.0,
      960.0,
      0.0,
      0.0,
      1675.4071110638884,
      540.0,
      0.0,
      0.0,
      0.0,
      1.0,
      0.0,
      0.0,
      0.0,
      0.0,
      1.0
    ],
    "W2C": [
      0.13492204958116377,
      -0.03999521632447815,
      -0.9900486973921921,
      4.680469374972971,
      -0.04947190228990062,
      0.9976669319008764,
      -0.04704491338402901,
      0.049428636536448536,
      0.989620417847488,
      0.05532698855577143,
      0.1326286278173496,
      3.741536636575192,
      0.0,
      0.0,
      0.0,
      1.0
    ],
    "img_size": [
      1920,
      1080
    ]
  },
  "000056.jpg": {
    "K": [
      1797.951583162264,
      0.0,
      960.0,
      0.0,
      0.0,
      1675.4071110638884,
      540.0,
      0.0,
      0.0,
      0.0,
      1.0,
      0.0,
      0.0,
      0.0,
      0.0,
      1.0
    ],
    "W2C": [
      0.10369651523443238,
      -0.04097919931760406,
      -0.9937644277954023,
      4.8601140604677315,
      -0.048250648280828715,
      0.9977671911459653,
      -0.04617907765612716,
      0.050561502732915715,
      0.9934379234097694,
      0.05273838730923558,
      0.10148770780398067,
      3.884900280943955,
      0.0,
      0.0,
      0.0,
      1.0
    ],
    "img_size": [
      1920,
      1080
    ]
  }
}