{
  "000001.jpg": {
    "K": [
      1797.951583162264,
      0.0,
      960.0,
      0.0,
      0.0,
      1675.4071110638884,
      540.0,
      0.0,
      0.0,
      0.0,
      1.0,
      0.0,
      0.0,
      0.0,
      0.0,
      1.0
    ],
    "W2C": [
      0.8620445424668965,
      -0.008143159955824994,
      0.5067671020784333,
      -0.640665811790525,
      -0.005930102994368728,
      0.9996404263312025,
      0.02615056257230202,
      -0.042829165317370646,
      -0.5067978301862742,
      -0.02554813085737492,
      0.8616862841708569,
      0.47910330658115513,
      0.0,
      0.0,
      0.0,
      1.0
    ],
    "img_size": [
      1920,
      1080
    ]
  },
  "000002.jpg": {
    "K": [
      1797.951583162264,
      0.0,
      960.0,
      0.0,
      0.0,
      1675.4071110638884,
      540.0,
      0.0,
      0.0,
      0.0,
      1.0,
      0.0,
      0.0,
      0.0,
      0.0,
      1.0
    ],
    "W2C": [
      0.8674815451312365,
      -0.008016839161882519,
      0.4974047638961404,
      -0.6449845645771332,
      -0.005695970455636625,
      0.999644531641526,
      0.026045465627683655,
      -0.040371450180450276,
      -0.49743675455005454,
      -0.02542716360601085,
      0.8671275192113684,
      0.45721282026164617,
      0.0,
      0.0,
      0.0,
      1.0
    ],
    "img_size": [
      1920,
      1080
    ]
  },
  "000003.jpg": {
    "K": [
      1797.951583162264,
      0.0,
      960.0,
      0.0,
      0.0,
      1675.4071110638884,
      540.0,
      0.0,
      0.0,
      0.0,
      1.0,
      0.0,
      0.0,
      0.0,
      0.0,
      1.0
    ],
    "W2C": [
      0.8740018439178343,
      -0.007537366759519169,
      0.48586414246223014,
      -0.6435409826838538,
      -0.005644714665860858,
      0.9996547393557936,
      0.025662020182396644,
      -0.03696165457499767,
      -0.4858898167533116,
      -0.0251712174086438,
      0.8736575391934759,
      0.4370121872658446,
      0.0,
      0.0,
      0.0,
      1.0
    ],
    "img_size": [
      1920,
      1080
    ]
  },
  "000004.jpg": {
    "K": [
      1797.951583162264,
      0.0,
      960.0,
      0.0,
      0.0,
      1675.4071110638884,
      540.0,
      0.0,
      0.0,
      0.0,
      1.0,
      0.0,
      0.0,
      0.0,
      0.0,
      1.0
    ],
    "W2C": [
      0.8800727048043168,
      -0.006991394987321361,
      0.4747874836751126,
      -0.6372796921282807,
      -0.005730106107370382,
      0.9996624238633194,
      0.025341748158158987,
      -0.036159510309088295,
      -0.47480438092167204,
      -0.025023163505930566,
      0.879735551825515,
      0.4248653647986574,
      0.0,
      0.0,
      0.0,
      1.0
    ],
    "img_size": [
      1920,
      1080
    ]
  },
  "000005.jpg": {
    "K": [
      1797.951583162264,
      0.0,
      960.0,
      0.0,
      0.0,
      1675.4071110638884,
      540.0,
      0.0,
      0.0,
      0.0,
      1.0,
      0.0,
      0.0,
      0.0,
      0.0,
      1.0
    ],
    "W2C": [
      0.8872152643739045,
      -0.006730722865814596,
      0.46130659222652165,
      -0.6221660781007333,
      -0.005366249174634827,
      0.9996753808569829,
      0.02490655091018951,
      -0.036055862538264837,
      -0.4613244823676048,
      -0.024572958270215075,
      0.8868911385790883,
      0.40672203335141777,
      0.0,
      0.0,
      0.0,
      1.0
    ],
    "img_size": [
      1920,
      1080
    ]
  },
  "000006.jpg": {
    "K": [
      1797.951583162264,
      0.0,
      960.0,
      0.0,
      0.0,
      1675.4071110638884,
      540.0,
      0.0,
      0.0,
      0.0,
      1.0,
      0.0,
      0.0,
      0.0,
      0.0,
      1.0
    ],
    "W2C": [
      0.8950603670942765,
      -0.004988902055793691,
      0.4459170888330437,
      -0.5988060166329408,
      -0.005920039181453307,
      0.9997163770639654,
      0.023067695294271245,
      -0.030643189408404745,
      -0.44590569899155696,
      -0.023286826455680545,
      0.8947769729493903,
      0.39525768519008514,
      0.0,
      0.0,
      0.0,
      1.0
    ],
    "img_size": [
      1920,
      1080
    ]
  },
  "000007.jpg": {
    "K": [
      1797.951583162264,
      0.0,
      960.0,
      0.0,
      0.0,
      1675.4071110638884,
      540.0,
      0.0,
      0.0,
      0.0,
      1.0,
      0.0,
      0.0,
      0.0,
      0.0,
      1.0
    ],
    "W2C": [
      0.9019577859901508,
      -0.004462765225414372,
      0.4318011533313553,
      -0.563242516575312,
      -0.00522269932253087,
      0.9997607202422163,
      0.021242073169813237,
      -0.022930033564562084,
      -0.4317926304414332,
      -0.021414620877057245,
      0.9017186580686686,
      0.39311415982538683,
      0.0,
      0.0,
      0.0,
      1.0
    ],
    "img_size": [
      1920,
      1080
    ]
  },
  "000008.jpg": {
    "K": [
      1797.951583162264,
      0.0,
      960.0,
      0.0,
      0.0,
      1675.4071110638884,
      540.0,
      0.0,
      0.0,
      0.0,
      1.0,
      0.0,
      0.0,
      0.0,
      0.0,
      1.0
    ],
    "W2C": [
      0.9112193142020473,
      -0.003913713534601398,
      0.41190295491962653,
      -0.5233532913627775,
      -0.004386417098777372,
      0.9998059753330054,
      0.019203412026339146,
      -0.0162127604352186,
      -0.41189819223952207,
      -0.019305298101476468,
      0.9110253479980822,
      0.3939185271200665,
      0.0,
      0.0,
      0.0,
      1.0
    ],
    "img_size": [
      1920,
      1080
    ]
  },
  "000009.jpg": {
    "K": [
      1797.951583162264,
      0.0,
      960.0,
      0.0,
      0.0,
      1675.4071110638884,
      540.0,
      0.0,
      0.0,
      0.0,
      1.0,
      0.0,
      0.0,
      0.0,
      0.0,
      1.0
    ],
    "W2C": [
      0.9198786570123393,
      -0.0029553341570779626,
      0.39219194582907424,
      -0.48874949480689245,
      -0.004116501639858106,
      0.9998437768196531,
      0.017189426088767355,
      -0.015176021254610447,
      -0.3921814768540511,
      -0.0174266449734927,
      0.9197227850051032,
      0.3923990708110768,
      0.0,
      0.0,
      0.0,
      1.0
    ],
    "img_size": [
      1920,
      1080
    ]
  },
  "000010.jpg": {
    "K": [
      1797.951583162264,
      0.0,
      960.0,
      0.0,
      0.0,
      1675.4071110638884,
      540.0,
      0.0,
      0.0,
      0.0,
      1.0,
      0.0,
      0.0,
      0.0,
      0.0,
      1.0
    ],
    "W2C": [
      0.9309888705993142,
      -0.0027652771288705098,
      0.36503708861239553,
      -0.46072023745042623,
      -0.0031861028062209694,
      0.9998716682919282,
      0.015700181401007433,
      -0.014437264268634118,
      -0.3650336581318516,
      -0.015779739843130955,
      0.9308605847501341,
      0.3883679318602421,
      0.0,
      0.0,
      0.0,
      1.0
    ],
    "img_size": [
      1920,
      1080
    ]
  },
  "000011.jpg": {
    "K": [
      1797.951583162264,
      0.0,
      960.0,
      0.0,
      0.0,
      1675.4071110638884,
      540.0,
      0.0,
      0.0,
      0.0,
      1.0,
      0.0,
      0.0,
      0.0,
      0.0,
      1.0
    ],
    "W2C": [
      0.9426856833011008,
      -0.0017985328765116493,
      0.33367719097749104,
      -0.4492018743730233,
      -0.0029089509420607575,
      0.9999031793192797,
      0.013607718089866288,
      -0.011493155637216293,
      -0.3336693580530787,
      -0.013798451604752512,
      0.9425891799876326,
      0.38559235812375314,
      0.0,
      0.0,
      0.0,
      1.0
    ],
    "img_size": [
      1920,
      1080
    ]
  },
  "000012.jpg": {
    "K": [
      1797.951583162264,
      0.0,
      960.0,
      0.0,
      0.0,
      1675.4071110638884,
      540.0,
      0.0,
      0.0,
      0.0,
      1.0,
      0.0,
      0.0,
      0.0,
      0.0,
      1.0
    ],
    "W2C": [
      0.9565678207647342,
      -0.0005910942082740555,
      0.2915092706674084,
      -0.44390732747755335,
      -0.0028728736147162147,
      0.9999302657833007,
      0.01145470068275728,
      -0.006758694809705778,
      -0.29149571330398905,
      -0.011794667361763008,
      0.9564994171180788,
      0.3758726518317298,
      0.0,
      0.0,
      0.0,
      1.0
    ],
    "img_size": [
      1920,
      1080
    ]
  },
  "000013.jpg": {
    "K": [
      1797.951583162264,
      0.0,
      960.0,
      0.0,
      0.0,
      1675.4071110638884,
      540.0,
      0.0,
      0.0,
      0.0,
      1.0,
      0.0,
      0.0,
      0.0,
      0.0,
      1.0
    ],
    "W2C": [
      0.9694571175260942,
      8.91165987069043e-05,
      0.2452608597722613,
      -0.43737983267904207,
      -0.002490272247493729,
      0.9999519618789916,
      0.00948010962432626,
      -0.003451316846641967,
      -0.24524823306627583,
      -0.009801326062718031,
      0.9694107685523623,
      0.35713729374804665,
      0.0,
      0.0,
      0.0,
      1.0
    ],
    "img_size": [
      1920,
      1080
    ]
  },
  "000014.jpg": {
    "K": [
      1797.951583162264,
      0.0,
      960.0,
      0.0,
      0.0,
      1675.4071110638884,
      540.0,
      0.0,
      0.0,
      0.0,
      1.0,
      0.0,
      0.0,
      0.0,
      0.0,
      1.0
    ],
    "W2C": [
      0.9792422952224452,
      0.00019384943950466086,
      0.20269309230921706,
      -0.4287880668196525,
      -0.0018302636336191803,
      0.9999672303925365,
      0.007885954356423381,
      -0.0059429125699344545,
      -0.20268492144831457,
      -0.008093241839642846,
      0.9792105606323984,
      0.33447193841829415,
      0.0,
      0.0,
      0.0,
      1.0
    ],
    "img_size": [
      1920,
      1080
    ]
  },
  "000015.jpg": {
    "K": [
      1797.951583162264,
      0.0,
      960.0,
      0.0,
      0.0,
      1675.4071110638884,
      540.0,
      0.0,
      0.0,
      0.0,
      1.0,
      0.0,
      0.0,
      0.0,
      0.0,
      1.0
    ],
    "W2C": [
      0.9879844869061563,
      8.48175553586213e-05,
      0.15455305379953288,
      -0.4112210696000719,
      -0.0010985492499354203,
      0.9999784418079749,
      0.00647372449522015,
      -0.012989235454855808,
      -0.15454917282963526,
      -0.006565723515108601,
      0.9879632809231317,
      0.30688280534907336,
      0.0,
      0.0,
      0.0,
      1.0
    ],
    "img_size": [
      1920,
      1080
    ]
  },
  "000016.jpg": {
    "K": [
      1797.951583162264,
      0.0,
      960.0,
      0.0,
      0.0,
      1675.4071110638884,
      540.0,
      0.0,
      0.0,
      0.0,
      1.0,
      0.0,
      0.0,
      0.0,
      0.0,
      1.0
    ],
    "W2C": [
      0.9937236037083351,
      6.880430304400646e-06,
      0.1118633066987546,
      -0.3880881765339117,
      -0.0004709988281105194,
      0.9999913913261282,
      0.004122551847866143,
      -0.0199405807345124,
      -0.11186231533909835,
      -0.0041493645650996815,
      0.9937150523065864,
      0.2764457786107675,
      0.0,
      0.0,
      0.0,
      1.0
    ],
    "img_size": [
      1920,
      1080
    ]
  },
  "000017.jpg": {
    "K": [
      1797.951583162264,
      0.0,
      960.0,
      0.0,
      0.0,
      1675.4071110638884,
      540.0,
      0.0,
      0.0,
      0.0,
      1.0,
      0.0,
      0.0,
      0.0,
      0.0,
      1.0
    ],
    "W2C": [
      0.9979391655261194,
      -0.0005975989309734812,
      0.0641643575869836,
      -0.35453046806638544,
      0.00039937770749645706,
      0.9999951088648458,
      0.0031020547757805387,
      -0.022140995059886148,
      -0.06416589753505639,
      -0.0030700361403226723,
      0.9979345231384761,
      0.24803090161783242,
      0.0,
      0.0,
      0.0,
      1.0
    ],
    "img_size": [
      1920,
      1080
    ]
  },
  "000018.jpg": {
    "K": [
      1797.951583162264,
      0.0,
      960.0,
      0.0,
      0.0,
      1675.4071110638884,
      540.0,
      0.0,
      0.0,
      0.0,
      1.0,
      0.0,
      0.0,
      0.0,
      0.0,
      1.0
    ],
    "W2C": [
      0.9997528238205559,
      -0.0011643928358565493,
      0.022202149719076067,
      -0.3241132265140531,
      0.0011279888423013644,
      0.999997999078749,
      0.0016521136977017542,
      -0.014318400167438943,
      -0.022204029003676497,
      -0.0016266615573917271,
      0.9997521368160118,
      0.22801198926087898,
      0.0,
      0.0,
      0.0,
      1.0
    ],
    "img_size": [
      1920,
      1080
    ]
  },
  "000019.jpg": {
    "K": [
      1797.951583162264,
      0.0,
      960.0,
      0.0,
      0.0,
      1675.4071110638884,
      540.0,
      0.0,
      0.0,
      0.0,
      1.0,
      0.0,
      0.0,
      0.0,
      0.0,
      1.0
    ],
    "W2C": [
      0.9997322957084833,
      -0.0030071404398799456,
      -0.022941099010741785,
      -0.2945010556735206,
      0.003003368541223416,
      0.9999954701038486,
      -0.0001988697781208895,
      -0.0073032732564051435,
      0.02294159311929772,
      0.00012991596475788006,
      0.9997367985760007,
      0.21435602601516454,
      0.0,
      0.0,
      0.0,
      1.0
    ],
    "img_size": [
      1920,
      1080
    ]
  },
  "000020.jpg": {
    "K": [
      1797.951583162264,
      0.0,
      960.0,
      0.0,
      0.0,
      1675.4071110638884,
      540.0,
      0.0,
      0.0,
      0.0,
      1.0,
      0.0,
      0.0,
      0.0,
      0.0,
      1.0
    ],
    "W2C": [
      0.9978487629965063,
      -0.004772664477032929,
      -0.06538400309044944,
      -0.2707288730037277,
      0.004681703984893984,
      0.9999878482849295,
      -0.0015443219466406385,
      -0.0017513501290890739,
      0.06539057909316955,
      0.0012348911963068398,
      0.9978589816249556,
      0.21065391417141122,
      0.0,
      0.0,
      0.0,
      1.0
    ],
    "img_size": [
      1920,
      1080
    ]
  },
  "000021.jpg": {
    "K": [
      1797.951583162264,
      0.0,
      960.0,
      0.0,
      0.0,
      1675.4071110638884,
      540.0,
      0.0,
      0.0,
      0.0,
      1.0,
      0.0,
      0.0,
      0.0,
      0.0,
      1.0
    ],
    "W2C": [
      0.9948055956535853,
      -0.006448442148801603,
      -0.1015886039384768,
      -0.2615699679408298,
      0.00615463400967304,
      0.9999759229577435,
      -0.0032053057601037225,
      0.0037701752634161736,
      0.10160682721413025,
      0.0025634154291368978,
      0.9948213314785805,
      0.20494092032229236,
      0.0,
      0.0,
      0.0,
      1.0
    ],
    "img_size": [
      1920,
      1080
    ]
  },
  "000022.jpg": {
    "K": [
      1797.951583162264,
      0.0,
      960.0,
      0.0,
      0.0,
      1675.4071110638884,
      540.0,
      0.0,
      0.0,
      0.0,
      1.0,
      0.0,
      0.0,
      0.0,
      0.0,
      1.0
    ],
    "W2C": [
      0.9902324121036487,
      -0.007623083340373724,
      -0.13921802548440218,
      -0.25198215029079457,
      0.006954282345549589,
      0.9999618272179037,
      -0.005289807566431756,
      0.007147680005816758,
      0.13925303578898493,
      0.0042699774492634,
      0.9902476252514493,
      0.19498034724129437,
      0.0,
      0.0,
      0.0,
      1.0
    ],
    "img_size": [
      1920,
      1080
    ]
  },
  "000023.jpg": {
    "K": [
      1797.951583162264,
      0.0,
      960.0,
      0.0,
      0.0,
      1675.4071110638884,
      540.0,
      0.0,
      0.0,
      0.0,
      1.0,
      0.0,
      0.0,
      0.0,
      0.0,
      1.0
    ],
    "W2C": [
      0.9847891876545197,
      -0.008171747722653878,
      -0.1735611662149936,
      -0.2367858572776976,
      0.007057082270947826,
      0.9999503275947765,
      -0.00703846097668281,
      0.0051927688162852655,
      0.17361006154187147,
      0.005706564838544643,
      0.984797939502907,
      0.186601832813177,
      0.0,
      0.0,
      0.0,
      1.0
    ],
    "img_size": [
      1920,
      1080
    ]
  },
  "000024.jpg": {
    "K": [
      1797.951583162264,
      0.0,
      960.0,
      0.0,
      0.0,
      1675.4071110638884,
      540.0,
      0.0,
      0.0,
      0.0,
      1.0,
      0.0,
      0.0,
      0.0,
      0.0,
      1.0
    ],
    "W2C": [
      0.9772482420698894,
      -0.008770067615327514,
      -0.21191734069050025,
      -0.21567380551790657,
      0.007142599269563955,
      0.9999388388558968,
      -0.008444040691227235,
      0.0009732716671826342,
      0.21197843439129696,
      0.0067382832786445235,
      0.9772511135278751,
      0.1792891565830395,
      0.0,
      0.0,
      0.0,
      1.0
    ],
    "img_size": [
      1920,
      1080
    ]
  },
  "000025.jpg": {
    "K": [
      1797.951583162264,
      0.0,
      960.0,
      0.0,
      0.0,
      1675.4071110638884,
      540.0,
      0.0,
      0.0,
      0.0,
      1.0,
      0.0,
      0.0,
      0.0,
      0.0,
      1.0
    ],
    "W2C": [
      0.9688270741703716,
      -0.006332901605809805,
      -0.24765701022125053,
      -0.1847803673969574,
      0.003701437285139994,
      0.9999316577779253,
      -0.011089595822872129,
      0.0039001406371096422,
      0.24771031411005404,
      0.009827213783245947,
      0.9687843032134437,
      0.17069002767720232,
      0.0,
      0.0,
      0.0,
      1.0
    ],
    "img_size": [
      1920,
      1080
    ]
  },
  "000026.jpg": {
    "K": [
      1797.951583162264,
      0.0,
      960.0,
      0.0,
      0.0,
      1675.4071110638884,
      540.0,
      0.0,
      0.0,
      0.0,
      1.0,
      0.0,
      0.0,
      0.0,
      0.0,
      1.0
    ],
    "W2C": [
      0.957434004028055,
      -0.005606339719782046,
      -0.28859781164408227,
      -0.1377511505149256,
      0.0016559397395026767,
      0.9999015935553998,
      -0.013930580352285966,
      0.009531154993719445,
      0.2886475113254676,
      0.012859710740088754,
      0.9573490701125144,
      0.17001658989278082,
      0.0,
      0.0,
      0.0,
      1.0
    ],
    "img_size": [
      1920,
      1080
    ]
  },
  "000027.jpg": {
    "K": [
      1797.951583162264,
      0.0,
      960.0,
      0.0,
      0.0,
      1675.4071110638884,
      540.0,
      0.0,
      0.0,
      0.0,
      1.0,
      0.0,
      0.0,
      0.0,
      0.0,
      1.0
    ],
    "W2C": [
      0.9426147729403425,
      -0.0062955239363035615,
      -0.3338229414120521,
      -0.09177750909106276,
      0.0009274947174789368,
      0.9998677343361143,
      -0.01623741319036604,
      0.012836394488892892,
      0.3338810111224895,
      0.014996006532842445,
      0.9424959364368058,
      0.17646542053807301,
      0.0,
      0.0,
      0.0,
      1.0
    ],
    "img_size": [
      1920,
      1080
    ]
  },
  "000028.jpg": {
    "K": [
      1797.951583162264,
      0.0,
      960.0,
      0.0,
      0.0,
      1675.4071110638884,
      540.0,
      0.0,
      0.0,
      0.0,
      1.0,
      0.0,
      0.0,
      0.0,
      0.0,
      1.0
    ],
    "W2C": [
      0.9269482869612724,
      -0.005657807709367442,
      -0.37514645474999,
      -0.05837182011698077,
      -0.0017578050561562943,
      0.9998098282950973,
      -0.01942208448937895,
      0.014457708622091208,
      0.37518499892845786,
      0.018662702281605558,
      0.9267620623021863,
      0.1857576759616669,
      0.0,
      0.0,
      0.0,
      1.0
    ],
    "img_size": [
      1920,
      1080
    ]
  },
  "000029.jpg": {
    "K": [
      1797.951583162264,
      0.0,
      960.0,
      0.0,
      0.0,
      1675.4071110638884,
      540.0,
      0.0,
      0.0,
      0.0,
      1.0,
      0.0,
      0.0,
      0.0,
      0.0,
      1.0
    ],
    "W2C": [
      0.9057471987782183,
      -0.005863991462308449,
      -0.4237778020490707,
      -0.028428363022412004,
      -0.003672259704542569,
      0.9997581549302428,
      -0.021682854035841546,
      0.017622666606408936,
      0.42380246154791706,
      0.02119540645062487,
      0.9055066141841922,
      0.19794006839052006,
      0.0,
      0.0,
      0.0,
      1.0
    ],
    "img_size": [
      1920,
      1080
    ]
  },
  "000030.jpg": {
    "K": [
      1797.951583162264,
      0.0,
      960.0,
      0.0,
      0.0,
      1675.4071110638884,
      540.0,
      0.0,
      0.0,
      0.0,
      1.0,
      0.0,
      0.0,
      0.0,
      0.0,
      1.0
    ],
    "W2C": [
      0.8839709732712626,
      -0.0077383065215504395,
      -0.46747773960482386,
      -0.009768030828754132,
      -0.004094381331416645,
      0.9996965575475641,
      -0.024290509855970747,
      0.025250922243498477,
      0.4675238544238892,
      0.023386137768528496,
      0.8836710553734922,
      0.21239395042703188,
      0.0,
      0.0,
      0.0,
      1.0
    ],
    "img_size": [
      1920,
      1080
    ]
  },
  "000031.jpg": {
    "K": [
      1797.951583162264,
      0.0,
      960.0,
      0.0,
      0.0,
      1675.4071110638884,
      540.0,
      0.0,
      0.0,
      0.0,
      1.0,
      0.0,
      0.0,
      0.0,
      0.0,
      1.0
    ],
    "W2C": [
      0.8543870135098588,
      -0.008889510371638805,
      -0.5195611684403071,
      0.019141125749820537,
      -0.005611714762551055,
      0.9996375126899529,
      -0.026331575730824744,
      0.026871077368821772,
      0.5196069089255149,
      0.02541298542865277,
      0.854027423663008,
      0.2207077655763075,
      0.0,
      0.0,
      0.0,
      1.0
    ],
    "img_size": [
      1920,
      1080
    ]
  },
  "000032.jpg": {
    "K": [
      1797.951583162264,
      0.0,
      960.0,
      0.0,
      0.0,
      1675.4071110638884,
      540.0,
      0.0,
      0.0,
      0.0,
      1.0,
      0.0,
      0.0,
      0.0,
      0.0,
      1.0
    ],
    "W2C": [
      0.8301332696219273,
      -0.010939905270156909,
      -0.557457687308632,
      0.049530276930904865,
      -0.006214600399740479,
      0.9995638414657881,
      -0.02887049663633,
      0.019068792154545076,
      0.5575303878791541,
      0.027430736534712095,
      0.8297032127721833,
      0.21998138971999573,
      0.0,
      0.0,
      0.0,
      1.0
    ],
    "img_size": [
      1920,
      1080
    ]
  },
  "000033.jpg": {
    "K": [
      1797.951583162264,
      0.0,
      960.0,
      0.0,
      0.0,
      1675.4071110638884,
      540.0,
      0.0,
      0.0,
      0.0,
      1.0,
      0.0,
      0.0,
      0.0,
      0.0,
      1.0
    ],
    "W2C": [
      0.8013999136761356,
      -0.012532746955175972,
      -0.5979975824479898,
      0.09071724981214356,
      -0.007021258350511397,
      0.9995144550507362,
      -0.030357142088894732,
      0.007930159212942487,
      0.5980876861222426,
      0.028526906568843,
      0.8009228023414957,
      0.21700360014744838,
      0.0,
      0.0,
      0.0,
      1.0
    ],
    "img_size": [
      1920,
      1080
    ]
  },
  "000034.jpg": {
    "K": [
      1797.951583162264,
      0.0,
      960.0,
      0.0,
      0.0,
      1675.4071110638884,
      540.0,
      0.0,
      0.0,
      0.0,
      1.0,
      0.0,
      0.0,
      0.0,
      0.0,
      1.0
    ],
    "W2C": [
      0.774151904533621,
      -0.015159146601590677,
      -0.6328183222547205,
      0.13844640310879697,
      -0.00800101513321263,
      0.9993990041270616,
      -0.03372853846041675,
      -0.007016867056054187,
      0.6329492969139044,
      0.031174201259201357,
      0.773565353872603,
      0.2112351208972788,
      0.0,
      0.0,
      0.0,
      1.0
    ],
    "img_size": [
      1920,
      1080
    ]
  },
  "000035.jpg": {
    "K": [
      1797.951583162264,
      0.0,
      960.0,
      0.0,
      0.0,
      1675.4071110638884,
      540.0,
      0.0,
      0.0,
      0.0,
      1.0,
      0.0,
      0.0,
      0.0,
      0.0,
      1.0
    ],
    "W2C": [
      0.7488784958243655,
      -0.017110804387556452,
      -0.6624863914564936,
      0.18536583180408897,
      -0.008731638481335471,
      0.9993250837795551,
      -0.03568102322546718,
      -0.011658960802599344,
      0.6626497996538346,
      0.032505342671564706,
      0.7482236602223542,
      0.2078485735769023,
      0.0,
      0.0,
      0.0,
      1.0
    ],
    "img_size": [
      1920,
      1080
    ]
  },
  "000036.jpg": {
    "K": [
      1797.951583162264,
      0.0,
      960.0,
      0.0,
      0.0,
      1675.4071110638884,
      540.0,
      0.0,
      0.0,
      0.0,
      1.0,
      0.0,
      0.0,
      0.0,
      0.0,
      1.0
    ],
    "W2C": [
      0.7205500244404855,
      -0.018292159559371385,
      -0.6931616400071993,
      0.23691869210066135,
      -0.009641600410501442,
      0.9992910319481527,
      -0.036393309955546155,
      -0.01029347139447573,
      0.6933359227822687,
      0.03290638793077621,
      0.7198628118002829,
      0.21967945520216597,
      0.0,
      0.0,
      0.0,
      1.0
    ],
    "img_size": [
      1920,
      1080
    ]
  },
  "000037.jpg": {
    "K": [
      1797.951583162264,
      0.0,
      960.0,
      0.0,
      0.0,
      1675.4071110638884,
      540.0,
      0.0,
      0.0,
      0.0,
      1.0,
      0.0,
      0.0,
      0.0,
      0.0,
      1.0
    ],
    "W2C": [
      0.6966146717234781,
      -0.02101443856425839,
      -0.7171376384707607,
      0.27787719368703406,
      -0.00966903470863903,
      0.9992051674902938,
      -0.03867225140196923,
      -0.006285072957971534,
      0.7173803098129985,
      0.03387368643243582,
      0.6958577903997938,
      0.2303309870693502,
      0.0,
      0.0,
      0.0,
      1.0
    ],
    "img_size": [
      1920,
      1080
    ]
  },
  "000038.jpg": {
    "K": [
      1797.951583162264,
      0.0,
      960.0,
      0.0,
      0.0,
      1675.4071110638884,
      540.0,
      0.0,
      0.0,
      0.0,
      1.0,
      0.0,
      0.0,
      0.0,
      0.0,
      1.0
    ],
    "W2C": [
      0.6696445322642515,
      -0.023717773570255438,
      -0.7423029486843371,
      0.3096397551799431,
      -0.00958855285217869,
      0.9991305339948793,
      -0.04057383015329346,
      -0.004588450752293336,
      0.7426198624214094,
      0.03428765457095923,
      0.6688348799825184,
      0.24163330590161128,
      0.0,
      0.0,
      0.0,
      1.0
    ],
    "img_size": [
      1920,
      1080
    ]
  },
  "000039.jpg": {
    "K": [
      1797.951583162264,
      0.0,
      960.0,
      0.0,
      0.0,
      1675.4071110638884,
      540.0,
      0.0,
      0.0,
      0.0,
      1.0,
      0.0,
      0.0,
      0.0,
      0.0,
      1.0
    ],
    "W2C": [
      0.6451545070980252,
      -0.025806169368705598,
      -0.763616201762127,
      0.32811006029152084,
      -0.010947681462001828,
      0.9990146274088739,
      -0.04301072533351354,
      -0.002477782181638133,
      0.7639736973493982,
      0.03610839023858698,
      0.6442362718076867,
      0.24931575901524997,
      0.0,
      0.0,
      0.0,
      1.0
    ],
    "img_size": [
      1920,
      1080
    ]
  },
  "000040.jpg": {
    "K": [
      1797.951583162264,
      0.0,
      960.0,
      0.0,
      0.0,
      1675.4071110638884,
      540.0,
      0.0,
      0.0,
      0.0,
      1.0,
      0.0,
      0.0,
      0.0,
      0.0,
      1.0
    ],
    "W2C": [
      0.6183848297172918,
      -0.025910554312009112,
      -0.7854481813275527,
      0.3493621266443792,
      -0.011594769578190604,
      0.9990467367438054,
      -0.042085378933573836,
      -0.00037687651477178146,
      0.7857898979332483,
      0.035132050563527605,
      0.6174949192740432,
      0.25367980587516575,
      0.0,
      0.0,
      0.0,
      1.0
    ],
    "img_size": [
      1920,
      1080
    ]
  },
  "000041.jpg": {
    "K": [
      1797.951583162264,
      0.0,
      960.0,
      0.0,
      0.0,
      1675.4071110638884,
      540.0,
      0.0,
      0.0,
      0.0,
      1.0,
      0.0,
      0.0,
      0.0,
      0.0,
      1.0
    ],
    "W2C": [
      0.5901846689944001,
      -0.02626942493834443,
      -0.8068407363274238,
      0.3718357326271261,
      -0.012489603038007233,
      0.9990536372214649,
      -0.0416634104522772,
      0.000849756575280104,
      0.807171646119909,
      0.034666226618578024,
      0.589298045501685,
      0.2632804124884807,
      0.0,
      0.0,
      0.0,
      1.0
    ],
    "img_size": [
      1920,
      1080
    ]
  },
  "000042.jpg": {
    "K": [
      1797.951583162264,
      0.0,
      960.0,
      0.0,
      0.0,
      1675.4071110638884,
      540.0,
      0.0,
      0.0,
      0.0,
      1.0,
      0.0,
      0.0,
      0.0,
      0.0,
      1.0
    ],
    "W2C": [
      0.5633337095677674,
      -0.027925512025472735,
      -0.8257574083486828,
      0.39349885669399237,
      -0.014358635921972817,
      0.9989468418475713,
      -0.04357793865275917,
      0.001657465161487893,
      0.8261046914520449,
      0.03640567182292599,
      0.5623394578188897,
      0.2753352366561017,
      0.0,
      0.0,
      0.0,
      1.0
    ],
    "img_size": [
      1920,
      1080
    ]
  },
  "000043.jpg": {
    "K": [
      1797.951583162264,
      0.0,
      960.0,
      0.0,
      0.0,
      1675.4071110638884,
      540.0,
      0.0,
      0.0,
      0.0,
      1.0,
      0.0,
      0.0,
      0.0,
      0.0,
      1.0
    ],
    "W2C": [
      0.5323846792424971,
      -0.029390461587329584,
      -0.8459921714032274,
      0.4171248266094261,
      -0.01748413839633661,
      0.9988020981394302,
      -0.04570200933011698,
      0.006977071969275526,
      0.8463219589567565,
      0.039122493784983274,
      0.5312330677467684,
      0.29357616717088186,
      0.0,
      0.0,
      0.0,
      1.0
    ],
    "img_size": [
      1920,
      1080
    ]
  },
  "000044.jpg": {
    "K": [
      1797.951583162264,
      0.0,
      960.0,
      0.0,
      0.0,
      1675.4071110638884,
      540.0,
      0.0,
      0.0,
      0.0,
      1.0,
      0.0,
      0.0,
      0.0,
      0.0,
      1.0
    ],
    "W2C": [
      0.506424881018367,
      -0.031247120240502666,
      -0.8617177364788358,
      0.4327322022237156,
      -0.02126397158349537,
      0.9985867440502634,
      -0.04870685906102508,
      0.013839890847655231,
      0.8620218578423807,
      0.04298990676623791,
      0.505044735165313,
      0.3122854631191588,
      0.0,
      0.0,
      0.0,
      1.0
    ],
    "img_size": [
      1920,
      1080
    ]
  },
  "000045.jpg": {
    "K": [
      1797.951583162264,
      0.0,
      960.0,
      0.0,
      0.0,
      1675.4071110638884,
      540.0,
      0.0,
      0.0,
      0.0,
      1.0,
      0.0,
      0.0,
      0.0,
      0.0,
      1.0
    ],
    "W2C": [
      0.4768340740447316,
      -0.032049119898097354,
      -0.8784088568221868,
      0.4525719727963948,
      -0.0248875521199536,
      0.9984421642841917,
      -0.049938505473992124,
      0.018195945496984337,
      0.8786409252814144,
      0.04567382722365981,
      0.47529362075180764,
      0.3363290422133245,
      0.0,
      0.0,
      0.0,
      1.0
    ],
    "img_size": [
      1920,
      1080
    ]
  },
  "000046.jpg": {
    "K": [
      1797.951583162264,
      0.0,
      960.0,
      0.0,
      0.0,
      1675.4071110638884,
      540.0,
      0.0,
      0.0,
      0.0,
      1.0,
      0.0,
      0.0,
      0.0,
      0.0,
      1.0
    ],
    "W2C": [
      0.45110564508055023,
      -0.032613500430955095,
      -0.8918744623354236,
      0.4753079540830479,
      -0.025553734256640353,
      0.9984503608252878,
      -0.04943565144097557,
      0.01963856507076498,
      0.8921046483692381,
      0.04509142443406191,
      0.449573197377808,
      0.3587788818216281,
      0.0,
      0.0,
      0.0,
      1.0
    ],
    "img_size": [
      1920,
      1080
    ]
  },
  "000047.jpg": {
    "K": [
      1797.951583162264,
      0.0,
      960.0,
      0.0,
      0.0,
      1675.4071110638884,
      540.0,
      0.0,
      0.0,
      0.0,
      1.0,
      0.0,
      0.0,
      0.0,
      0.0,
      1.0
    ],
    "W2C": [
      0.42146703174993927,
      -0.03362896519201441,
      -0.9062199699013535,
      0.5058537336414937,
      -0.03098319445943424,
      0.9981947473431428,
      -0.05145180305536482,
      0.02492175005733791,
      0.9063142847870074,
      0.04976282826240334,
      0.41966424450308126,
      0.38332947630828335,
      0.0,
      0.0,
      0.0,
      1.0
    ],
    "img_size": [
      1920,
      1080
    ]
  },
  "000048.jpg": {
    "K": [
      1797.951583162264,
      0.0,
      960.0,
      0.0,
      0.0,
      1675.4071110638884,
      540.0,
      0.0,
      0.0,
      0.0,
      1.0,
      0.0,
      0.0,
      0.0,
      0.0,
      1.0
    ],
    "W2C": [
      0.38714277582023976,
      -0.033952973350941974,
      -0.9213944143149719,
      0.5413152171054113,
      -0.027770722595232555,
      0.9984389665004189,
      -0.048460469870961545,
      0.0273387305694541,
      0.9216014638100017,
      0.044348909504135,
      0.38559553437385113,
      0.41406829103204057,
      0.0,
      0.0,
      0.0,
      1.0
    ],
    "img_size": [
      1920,
      1080
    ]
  },
  "000049.jpg": {
    "K": [
      1797.951583162264,
      0.0,
      960.0,
      0.0,
      0.0,
      1675.4071110638884,
      540.0,
      0.0,
      0.0,
      0.0,
      1.0,
      0.0,
      0.0,
      0.0,
      0.0,
      1.0
    ],
    "W2C": [
      0.35849640668768973,
      -0.03554215370744999,
      -0.9328542660575931,
      0.5671983055321327,
      -0.03365453575494535,
      0.9981333418663235,
      -0.050962771489430896,
      0.03331129863447244,
      0.9329242727119569,
      0.04966474770499539,
      0.3566310617714972,
      0.4429438776541966,
      0.0,
      0.0,
      0.0,
      1.0
    ],
    "img_size": [
      1920,
      1080
    ]
  },
  "000050.jpg": {
    "K": [
      1797.951583162264,
      0.0,
      960.0,
      0.0,
      0.0,
      1675.4071110638884,
      540.0,
      0.0,
      0.0,
      0.0,
      1.0,
      0.0,
      0.0,
      0.0,
      0.0,
      1.0
    ],
    "W2C": [
      0.3281032407153085,
      -0.036988320524029075,
      -0.9439174368433523,
      0.5861733296249556,
      -0.03259634742651823,
      0.9981947285567465,
      -0.050445634260783405,
      0.03379864245370721,
      0.944079308938906,
      0.047319636794196714,
      0.32630524115788156,
      0.47433649985437093,
      0.0,
      0.0,
      0.0,
      1.0
    ],
    "img_size": [
      1920,
      1080
    ]
  },
  "000051.jpg": {
    "K": [
      1797.951583162264,
      0.0,
      960.0,
      0.0,
      0.0,
      1675.4071110638884,
      540.0,
      0.0,
      0.0,
      0.0,
      1.0,
      0.0,
      0.0,
      0.0,
      0.0,
      1.0
    ],
    "W2C": [
      0.29598571520681893,
      -0.03755636455147891,
      -0.9544537578506277,
      0.5960254554941006,
      -0.031427121744065235,
      0.9983028736352232,
      -0.0490276300726407,
      0.031126085545880963,
      0.954675228762322,
      0.04450721259899813,
      0.29430310160492035,
      0.50264721530936,
      0.0,
      0.0,
      0.0,
      1.0
    ],
    "img_size": [
      1920,
      1080
    ]
  },
  "000052.jpg": {
    "K": [
      1797.951583162264,
      0.0,
      960.0,
      0.0,
      0.0,
      1675.4071110638884,
      540.0,
      0.0,
      0.0,
      0.0,
      1.0,
      0.0,
      0.0,
      0.0,
      0.0,
      1.0
    ],
    "W2C": [
      0.25640941470545237,
      -0.03728135774648712,
      -0.9658490111891124,
      0.6026326221369508,
      -0.04035818308880658,
      0.9979714894157756,
      -0.049235387385792403,
      0.0274175512456369,
      0.9657253383380691,
      0.05160432809210022,
      0.25438467763209555,
      0.5271133776512391,
      0.0,
      0.0,
      0.0,
      1.0
    ],
    "img_size": [
      1920,
      1080
    ]
  },
  "000053.jpg": {
    "K": [
      1797.951583162264,
      0.0,
      960.0,
      0.0,
      0.0,
      1675.4071110638884,
      540.0,
      0.0,
      0.0,
      0.0,
      1.0,
      0.0,
      0.0,
      0.0,
      0.0,
      1.0
    ],
    "W2C": [
      0.21918380405348836,
      -0.038133743005291064,
      -0.9749380891549211,
      0.6104803436576811,
      -0.03609570192055295,
      0.9982349621643654,
      -0.04715994715403296,
      0.015311764604530731,
      0.9750156718450761,
      0.04552777127331192,
      0.21742047212574162,
      0.5467031205071058,
      0.0,
      0.0,
      0.0,
      1.0
    ],
    "img_size": [
      1920,
      1080
    ]
  },
  "000054.jpg": {
    "K": [
      1797.951583162264,
      0.0,
      960.0,
      0.0,
      0.0,
      1675.4071110638884,
      540.0,
      0.0,
      0.0,
      0.0,
      1.0,
      0.0,
      0.0,
      0.0,
      0.0,
      1.0
    ],
    "W2C": [
      0.17487612228894206,
      -0.03770594910213886,
      -0.9838681838821144,
      0.6279842049736315,
      -0.04272434468457176,
      0.998034600899153,
      -0.04584283781947687,
      0.006771320602526102,
      0.9836630379476788,
      0.050051941124954064,
      0.172921458949337,
      0.5673821230594478,
      0.0,
      0.0,
      0.0,
      1.0
    ],
    "img_size": [
      1920,
      1080
    ]
  },
  "000055.jpg": {
    "K": [
      1797.951583162264,
      0.0,
      960.0,
      0.0,
      0.0,
      1675.4071110638884,
      540.0,
      0.0,
      0.0,
      0.0,
      1.0,
      0.0,
      0.0,
      0.0,
      0.0,
      1.0
    ],
    "W2C": [
      0.13492204958116383,
      -0.03999521632447816,
      -0.9900486973921921,
      0.653123444647245,
      -0.04947190228990063,
      0.9976669319008764,
      -0.04704491338402901,
      0.006101527121644082,
      0.9896204178474881,
      0.05532698855577143,
      0.1326286278173496,
      0.5849232427637869,
      0.0,
      0.0,
      0.0,
      1.0
    ],
    "img_size": [
      1920,
      1080
    ]
  },
  "000056.jpg": {
    "K": [
      1797.951583162264,
      0.0,
      960.0,
      0.0,
      0.0,
      1675.4071110638884,
      540.0,
      0.0,
      0.0,
      0.0,
      1.0,
      0.0,
      0.0,
      0.0,
      0.0,
      1.0
    ],
    "W2C": [
      0.1036965152344324,
      -0.04097919931760406,
      -0.9937644277954021,
      0.6786181355369788,
      -0.04825064828082872,
      0.9977671911459655,
      -0.04617907765612716,
      0.006338447424323762,
      0.9934379234097693,
      0.05273838730923557,
      0.10148770780398067,
      0.604883072334066,
      0.0,
      0.0,
      0.0,
      1.0
    ],
    "img_size": [
      1920,
      1080
    ]
  }
}