{
  "001.jpg": {
    "K": [
      1474.8187916101367,
      0.0,
      960.0,
      0.0,
      0.0,
      1474.8187916101367,
      540.0,
      0.0,
      0.0,
      0.0,
      1.0,
      0.0,
      0.0,
      0.0,
      0.0,
      1.0
    ],
    "W2C": [
      0.9286258335029067,
      0.11105518285809929,
      -0.3540067904876768,
      0.6417807858405712,
      -0.10283916956545444,
      0.993810846339707,
      0.04200127260742269,
      -0.21913688173701937,
      0.3564802470742515,
      -0.0025977024289662045,
      0.9342992483075063,
      0.6054277256454067,
      0.0,
      0.0,
      0.0,
      1.0
    ],
    "img_size": [
      1920,
      1080
    ]
  },
  "002.jpg": {
    "K": [
      1474.8187916101367,
      0.0,
      960.0,
      0.0,
      0.0,
      1474.8187916101367,
      540.0,
      0.0,
      0.0,
      0.0,
      1.0,
      0.0,
      0.0,
      0.0,
      0.0,
      1.0
    ],
    "W2C": [
      0.9499793930704378,
      0.10082768068314511,
      -0.29558912623704686,
      0.6340453853729698,
      -0.09460403710084624,
      0.994888200590861,
      0.03532059582312395,
      -0.20487701644249443,
      0.2976394276733927,
      -0.0055899135178012335,
      0.9546619946143863,
      0.5556677752521468,
      0.0,
      0.0,
      0.0,
      1.0
    ],
    "img_size": [
      1920,
      1080
    ]
  },
  "003.jpg": {
    "K": [
      1474.8187916101367,
      0.0,
      960.0,
      0.0,
      0.0,
      1474.8187916101367,
      540.0,
      0.0,
      0.0,
      0.0,
      1.0,
      0.0,
      0.0,
      0.0,
      0.0,
      1.0
    ],
    "W2C": [
      0.9629264311932515,
      0.10712677243747852,
      -0.24758138608659003,
      0.6110933704694238,
      -0.09940960840379805,
      0.9940952565270247,
      0.04350115754175772,
      -0.18881845330128078,
      0.2507796201178078,
      -0.017276445745522707,
      0.9678900281312801,
      0.5186729295762987,
      0.0,
      0.0,
      0.0,
      1.0
    ],
    "img_size": [
      1920,
      1080
    ]
  },
  "004.jpg": {
    "K": [
      1474.8187916101367,
      0.0,
      960.0,
      0.0,
      0.0,
      1474.8187916101367,
      540.0,
      0.0,
      0.0,
      0.0,
      1.0,
      0.0,
      0.0,
      0.0,
      0.0,
      1.0
    ],
    "W2C": [
      0.9733242071713794,
      0.0972897920019821,
      -0.20778518740857646,
      0.5815072908683571,
      -0.08867409048768227,
      0.9947844421110477,
      0.05040654134132389,
      -0.17083545299121455,
      0.21160551365781682,
      -0.030636744377027306,
      0.9768748622436698,
      0.49696226147511435,
      0.0,
      0.0,
      0.0,
      1.0
    ],
    "img_size": [
      1920,
      1080
    ]
  },
  "005.jpg": {
    "K": [
      1474.8187916101367,
      0.0,
      960.0,
      0.0,
      0.0,
      1474.8187916101367,
      540.0,
      0.0,
      0.0,
      0.0,
      1.0,
      0.0,
      0.0,
      0.0,
      0.0,
      1.0
    ],
    "W2C": [
      0.9775764588405859,
      0.09071813909856556,
      -0.19003811817420674,
      0.5651697034539461,
      -0.08203303151343251,
      0.9952142027210107,
      0.053096821402974045,
      -0.16256782583872526,
      0.19394547909507098,
      -0.036316799705872274,
      0.9803398600473751,
      0.49055276071213755,
      0.0,
      0.0,
      0.0,
      1.0
    ],
    "img_size": [
      1920,
      1080
    ]
  },
  "006.jpg": {
    "K": [
      1474.8187916101367,
      0.0,
      960.0,
      0.0,
      0.0,
      1474.8187916101367,
      540.0,
      0.0,
      0.0,
      0.0,
      1.0,
      0.0,
      0.0,
      0.0,
      0.0,
      1.0
    ],
    "W2C": [
      0.9856649282062772,
      0.07427612968450947,
      -0.1514850021064941,
      0.54803024135902,
      -0.0682983625208057,
      0.9966810530471502,
      0.04429686415312563,
      -0.15635062750163486,
      0.15427243104680494,
      -0.03331568783491945,
      0.987466496628111,
      0.476356853562143,
      0.0,
      0.0,
      0.0,
      1.0
    ],
    "img_size": [
      1920,
      1080
    ]
  },
  "007.jpg": {
    "K": [
      1474.8187916101367,
      0.0,
      960.0,
      0.0,
      0.0,
      1474.8187916101367,
      540.0,
      0.0,
      0.0,
      0.0,
      1.0,
      0.0,
      0.0,
      0.0,
      0.0,
      1.0
    ],
    "W2C": [
      0.9914988414481093,
      0.06584895536829248,
      -0.11222282514694544,
      0.5361593512207771,
      -0.06330567532800106,
      0.9976533232692946,
      0.026081373449231095,
      -0.16040727778672473,
      0.1136769056507213,
      -0.018755309825144548,
      0.9933407267775948,
      0.4544408131553529,
      0.0,
      0.0,
      0.0,
      1.0
    ],
    "img_size": [
      1920,
      1080
    ]
  },
  "008.jpg": {
    "K": [
      1474.8187916101367,
      0.0,
      960.0,
      0.0,
      0.0,
      1474.8187916101367,
      540.0,
      0.0,
      0.0,
      0.0,
      1.0,
      0.0,
      0.0,
      0.0,
      0.0,
      1.0
    ],
    "W2C": [
      0.9970012993834795,
      0.04309943040921484,
      -0.06427167436791238,
      0.5382824849294221,
      -0.04237900692662624,
      0.9990230177656456,
      0.012531151037952128,
      -0.15368610115259823,
      0.0647489675559903,
      -0.009769804134385284,
      0.9978537578861991,
      0.4259576428908011,
      0.0,
      0.0,
      0.0,
      1.0
    ],
    "img_size": [
      1920,
      1080
    ]
  },
  "009.jpg": {
    "K": [
      1474.8187916101367,
      0.0,
      960.0,
      0.0,
      0.0,
      1474.8187916101367,
      540.0,
      0.0,
      0.0,
      0.0,
      1.0,
      0.0,
      0.0,
      0.0,
      0.0,
      1.0
    ],
    "W2C": [
      0.9976455409695427,
      0.0382026597562569,
      -0.05695552098907068,
      0.5253309474796152,
      -0.037205224618077,
      0.9991369126865329,
      0.018471626034071067,
      -0.14437490699132993,
      0.057612028645997536,
      -0.01630909239570994,
      0.9982058242970342,
      0.41919395102069157,
      0.0,
      0.0,
      0.0,
      1.0
    ],
    "img_size": [
      1920,
      1080
    ]
  },
  "010.jpg": {
    "K": [
      1474.8187916101367,
      0.0,
      960.0,
      0.0,
      0.0,
      1474.8187916101367,
      540.0,
      0.0,
      0.0,
      0.0,
      1.0,
      0.0,
      0.0,
      0.0,
      0.0,
      1.0
    ],
    "W2C": [
      0.9983325078516154,
      0.03778715812245469,
      -0.04363868063694175,
      0.5088823202303794,
      -0.03672222302644303,
      0.9990139312542934,
      0.024952825407926045,
      -0.13952107526524787,
      0.04453854625715309,
      -0.02330870740454882,
      0.9987357118159083,
      0.4092927822574238,
      0.0,
      0.0,
      0.0,
      1.0
    ],
    "img_size": [
      1920,
      1080
    ]
  },
  "011.jpg": {
    "K": [
      1474.8187916101367,
      0.0,
      960.0,
      0.0,
      0.0,
      1474.8187916101367,
      540.0,
      0.0,
      0.0,
      0.0,
      1.0,
      0.0,
      0.0,
      0.0,
      0.0,
      1.0
    ],
    "W2C": [
      0.9985353263750438,
      0.04458273406571302,
      -0.030652598655106496,
      0.4910738347025525,
      -0.04429938009571935,
      0.9989696204772134,
      0.00986216440478837,
      -0.14562583363875822,
      0.03106069709810311,
      -0.008489828433955592,
      0.9994814435040512,
      0.3828171352317997,
      0.0,
      0.0,
      0.0,
      1.0
    ],
    "img_size": [
      1920,
      1080
    ]
  },
  "012.jpg": {
    "K": [
      1474.8187916101367,
      0.0,
      960.0,
      0.0,
      0.0,
      1474.8187916101367,
      540.0,
      0.0,
      0.0,
      0.0,
      1.0,
      0.0,
      0.0,
      0.0,
      0.0,
      1.0
    ],
    "W2C": [
      0.9995350831330144,
      0.02615098915471009,
      -0.01567620338311497,
      0.47735317476764544,
      -0.026212392072241505,
      0.99964945849741,
      -0.0037243291592131177,
      -0.1385753916169291,
      0.015573313331774995,
      0.0041335084450512,
      0.9998701845838815,
      0.3512071308397026,
      0.0,
      0.0,
      0.0,
      1.0
    ],
    "img_size": [
      1920,
      1080
    ]
  },
  "013.jpg": {
    "K": [
      1474.8187916101367,
      0.0,
      960.0,
      0.0,
      0.0,
      1474.8187916101367,
      540.0,
      0.0,
      0.0,
      0.0,
      1.0,
      0.0,
      0.0,
      0.0,
      0.0,
      1.0
    ],
    "W2C": [
      0.9999903371058853,
      0.0012980991897691494,
      0.00420007539836728,
      0.46924523169026244,
      -0.0012908391077530502,
      0.9999976690141291,
      -0.0017308092634890874,
      -0.12255940453164882,
      -0.004202312370153452,
      0.0017253709172827178,
      0.9999896817797379,
      0.3263191875651261,
      0.0,
      0.0,
      0.0,
      1.0
    ],
    "img_size": [
      1920,
      1080
    ]
  },
  "014.jpg": {
    "K": [
      1474.8187916101367,
      0.0,
      960.0,
      0.0,
      0.0,
      1474.8187916101367,
      540.0,
      0.0,
      0.0,
      0.0,
      1.0,
      0.0,
      0.0,
      0.0,
      0.0,
      1.0
    ],
    "W2C": [
      0.998991929767671,
      -0.012005204460629047,
      0.04325504970432738,
      0.45601472272703064,
      0.012418219793772526,
      0.9998797128098718,
      -0.009292347841230892,
      -0.10691525662375304,
      -0.04313829014018631,
      0.00982013121640259,
      0.9990208471031392,
      0.2877579826434829,
      0.0,
      0.0,
      0.0,
      1.0
    ],
    "img_size": [
      1920,
      1080
    ]
  },
  "015.jpg": {
    "K": [
      1474.8187916101367,
      0.0,
      960.0,
      0.0,
      0.0,
      1474.8187916101367,
      540.0,
      0.0,
      0.0,
      0.0,
      1.0,
      0.0,
      0.0,
      0.0,
      0.0,
      1.0
    ],
    "W2C": [
      0.9973606103075134,
      -0.0323919548286406,
      0.06498133785483239,
      0.43563214002922274,
      0.031226897259188705,
      0.9993342630977429,
      0.018865616514069476,
      -0.0848915619580822,
      -0.06554917157820256,
      -0.016786657239342355,
      0.9977081307898319,
      0.2680436333437609,
      0.0,
      0.0,
      0.0,
      1.0
    ],
    "img_size": [
      1920,
      1080
    ]
  },
  "016.jpg": {
    "K": [
      1474.8187916101367,
      0.0,
      960.0,
      0.0,
      0.0,
      1474.8187916101367,
      540.0,
      0.0,
      0.0,
      0.0,
      1.0,
      0.0,
      0.0,
      0.0,
      0.0,
      1.0
    ],
    "W2C": [
      0.9946090072523222,
      -0.042280489793573454,
      0.09468517769622567,
      0.41230300865007075,
      0.041296563115749425,
      0.999070876359356,
      0.012327931106859627,
      -0.0839014425059649,
      -0.09511843442454901,
      -0.008351298902810542,
      0.9954309314258115,
      0.24551042841051068,
      0.0,
      0.0,
      0.0,
      1.0
    ],
    "img_size": [
      1920,
      1080
    ]
  },
  "017.jpg": {
    "K": [
      1474.8187916101367,
      0.0,
      960.0,
      0.0,
      0.0,
      1474.8187916101367,
      540.0,
      0.0,
      0.0,
      0.0,
      1.0,
      0.0,
      0.0,
      0.0,
      0.0,
      1.0
    ],
    "W2C": [
      0.9923421914179946,
      -0.030245792549230772,
      0.11975878742205666,
      0.3919603690338963,
      0.02905987822605465,
      0.9995099323720998,
      0.01163694835459231,
      -0.08391974724659133,
      -0.12005206624302367,
      -0.008067659052629223,
      0.9927348156825121,
      0.22608568147855965,
      0.0,
      0.0,
      0.0,
      1.0
    ],
    "img_size": [
      1920,
      1080
    ]
  },
  "018.jpg": {
    "K": [
      1474.8187916101367,
      0.0,
      960.0,
      0.0,
      0.0,
      1474.8187916101367,
      540.0,
      0.0,
      0.0,
      0.0,
      1.0,
      0.0,
      0.0,
      0.0,
      0.0,
      1.0
    ],
    "W2C": [
      0.9842216246218993,
      -0.017126985763584162,
      0.17610922742798904,
      0.36712093545670943,
      0.015016743336177226,
      0.9997986715331186,
      0.013308411632740833,
      -0.08523293967733853,
      -0.1763017046037971,
      -0.010453839450894595,
      0.9842806643404768,
      0.20054565185267104,
      0.0,
      0.0,
      0.0,
      1.0
    ],
    "img_size": [
      1920,
      1080
    ]
  },
  "019.jpg": {
    "K": [
      1474.8187916101367,
      0.0,
      960.0,
      0.0,
      0.0,
      1474.8187916101367,
      540.0,
      0.0,
      0.0,
      0.0,
      1.0,
      0.0,
      0.0,
      0.0,
      0.0,
      1.0
    ],
    "W2C": [
      0.9730213785002774,
      -0.02268969138291914,
      0.22959654807154303,
      0.336369055320989,
      0.020229601460410453,
      0.9997100153214351,
      0.013063249625174394,
      -0.08027033960090714,
      -0.22982636969280404,
      -0.008066174493807133,
      0.9731982206225323,
      0.17588949115703975,
      0.0,
      0.0,
      0.0,
      1.0
    ],
    "img_size": [
      1920,
      1080
    ]
  },
  "020.jpg": {
    "K": [
      1474.8187916101367,
      0.0,
      960.0,
      0.0,
      0.0,
      1474.8187916101367,
      540.0,
      0.0,
      0.0,
      0.0,
      1.0,
      0.0,
      0.0,
      0.0,
      0.0,
      1.0
    ],
    "W2C": [
      0.9522642968818597,
      -0.03452841416272117,
      0.3033158378646014,
      0.30302193841472536,
      0.031414378724475334,
      0.9993917526922598,
      0.015141382369137351,
      -0.07294437649006069,
      -0.30365415474426294,
      -0.004890119231755826,
      0.9527697733662874,
      0.16278047423478806,
      0.0,
      0.0,
      0.0,
      1.0
    ],
    "img_size": [
      1920,
      1080
    ]
  },
  "021.jpg": {
    "K": [
      1474.8187916101367,
      0.0,
      960.0,
      0.0,
      0.0,
      1474.8187916101367,
      540.0,
      0.0,
      0.0,
      0.0,
      1.0,
      0.0,
      0.0,
      0.0,
      0.0,
      1.0
    ],
    "W2C": [
      0.9343062072133437,
      -0.06989401762495134,
      0.34955219562013917,
      0.27586779105726494,
      0.06462307920723993,
      0.9975515616465472,
      0.0267346122154333,
      -0.062209128788640614,
      -0.35056492807523093,
      -0.0023891749156961274,
      0.9365353826988229,
      0.1592197645020904,
      0.0,
      0.0,
      0.0,
      1.0
    ],
    "img_size": [
      1920,
      1080
    ]
  },
  "022.jpg": {
    "K": [
      1474.8187916101367,
      0.0,
      960.0,
      0.0,
      0.0,
      1474.8187916101367,
      540.0,
      0.0,
      0.0,
      0.0,
      1.0,
      0.0,
      0.0,
      0.0,
      0.0,
      1.0
    ],
    "W2C": [
      0.9079434717446095,
      -0.08348088357314337,
      0.4106940396380172,
      0.2382871060110505,
      0.08404641715948527,
      0.9963216527738433,
      0.016714184893421944,
      -0.05396370360570239,
      -0.41057867927962316,
      0.01934182752081615,
      0.9116200095594413,
      0.16344776670413913,
      0.0,
      0.0,
      0.0,
      1.0
    ],
    "img_size": [
      1920,
      1080
    ]
  },
  "023.jpg": {
    "K": [
      1474.8187916101367,
      0.0,
      960.0,
      0.0,
      0.0,
      1474.8187916101367,
      540.0,
      0.0,
      0.0,
      0.0,
      1.0,
      0.0,
      0.0,
      0.0,
      0.0,
      1.0
    ],
    "W2C": [
      0.8909489841524788,
      -0.09290269315711476,
      0.44449859082096244,
      0.18678100101167114,
      0.09810377242072316,
      0.9951115154639311,
      0.011345555424986846,
      -0.05524272956207613,
      -0.4433796989877743,
      0.03349867751469416,
      0.895707698487781,
      0.17781523786568046,
      0.0,
      0.0,
      0.0,
      1.0
    ],
    "img_size": [
      1920,
      1080
    ]
  },
  "024.jpg": {
    "K": [
      1474.8187916101367,
      0.0,
      960.0,
      0.0,
      0.0,
      1474.8187916101367,
      540.0,
      0.0,
      0.0,
      0.0,
      1.0,
      0.0,
      0.0,
      0.0,
      0.0,
      1.0
    ],
    "W2C": [
      0.8773609690950205,
      -0.09768625810296604,
      0.4697819971928333,
      0.1368315406109689,
      0.10111215123184,
      0.9947121176183065,
      0.018003775619968375,
      -0.05629019770991664,
      -0.4690565667186805,
      0.03170485832085284,
      0.8825988551867369,
      0.19137157064875407,
      0.0,
      0.0,
      0.0,
      1.0
    ],
    "img_size": [
      1920,
      1080
    ]
  },
  "025.jpg": {
    "K": [
      1474.8187916101367,
      0.0,
      960.0,
      0.0,
      0.0,
      1474.8187916101367,
      540.0,
      0.0,
      0.0,
      0.0,
      1.0,
      0.0,
      0.0,
      0.0,
      0.0,
      1.0
    ],
    "W2C": [
      0.8677098379498498,
      -0.08590556574715663,
      0.48959153474984246,
      0.10979934188817571,
      0.08897022664049767,
      0.9958881892215574,
      0.017059113123083513,
      -0.05645693109871152,
      -0.48904389976420687,
      0.028756709524363606,
      0.8717850169398118,
      0.1984195484359894,
      0.0,
      0.0,
      0.0,
      1.0
    ],
    "img_size": [
      1920,
      1080
    ]
  },
  "026.jpg": {
    "K": [
      1474.8187916101367,
      0.0,
      960.0,
      0.0,
      0.0,
      1474.8187916101367,
      540.0,
      0.0,
      0.0,
      0.0,
      1.0,
      0.0,
      0.0,
      0.0,
      0.0,
      1.0
    ],
    "W2C": [
      0.8504365596247848,
      -0.06272704096796128,
      0.522324589106203,
      0.06090651331979958,
      0.07377684460545347,
      0.9972747113006437,
      -0.0003569317586330975,
      -0.05150269955606229,
      -0.5208787145330693,
      0.03883900786092843,
      0.8527466776333732,
      0.19645763802313257,
      0.0,
      0.0,
      0.0,
      1.0
    ],
    "img_size": [
      1920,
      1080
    ]
  },
  "027.jpg": {
    "K": [
      1474.8187916101367,
      0.0,
      960.0,
      0.0,
      0.0,
      1474.8187916101367,
      540.0,
      0.0,
      0.0,
      0.0,
      1.0,
      0.0,
      0.0,
      0.0,
      0.0,
      1.0
    ],
    "W2C": [
      0.8254588651103734,
      -0.07123868555399654,
      0.5599488473880747,
      0.027850255045107335,
      0.07991618426091977,
      0.9967609419020002,
      0.009001566075549744,
      -0.04975410346946438,
      -0.5587764002746264,
      0.03731855274761569,
      0.8284782798100107,
      0.19595885388652906,
      0.0,
      0.0,
      0.0,
      1.0
    ],
    "img_size": [
      1920,
      1080
    ]
  },
  "028.jpg": {
    "K": [
      1474.8187916101367,
      0.0,
      960.0,
      0.0,
      0.0,
      1474.8187916101367,
      540.0,
      0.0,
      0.0,
      0.0,
      1.0,
      0.0,
      0.0,
      0.0,
      0.0,
      1.0
    ],
    "W2C": [
      0.7910978171813278,
      -0.12282739511805417,
      0.5992309026238983,
      -0.013190813655411441,
      0.12535873243149157,
      0.9913943944180945,
      0.03771396186492824,
      -0.04552755739114108,
      -0.5987064655188786,
      0.045283393478105886,
      0.7996874279498202,
      0.18173633749828624,
      0.0,
      0.0,
      0.0,
      1.0
    ],
    "img_size": [
      1920,
      1080
    ]
  },
  "029.jpg": {
    "K": [
      1474.8187916101367,
      0.0,
      960.0,
      0.0,
      0.0,
      1474.8187916101367,
      540.0,
      0.0,
      0.0,
      0.0,
      1.0,
      0.0,
      0.0,
      0.0,
      0.0,
      1.0
    ],
    "W2C": [
      0.7560137171771293,
      -0.15311689606875037,
      0.6363949053679575,
      -0.0367639972269448,
      0.15793063473723348,
      0.9862004629771821,
      0.04966448867235503,
      -0.04707796171083167,
      -0.635217422660552,
      0.0629592166554146,
      0.7697629264823181,
      0.17845173439877657,
      0.0,
      0.0,
      0.0,
      1.0
    ],
    "img_size": [
      1920,
      1080
    ]
  },
  "030.jpg": {
    "K": [
      1474.8187916101367,
      0.0,
      960.0,
      0.0,
      0.0,
      1474.8187916101367,
      540.0,
      0.0,
      0.0,
      0.0,
      1.0,
      0.0,
      0.0,
      0.0,
      0.0,
      1.0
    ],
    "W2C": [
      0.7435003341138383,
      -0.1793795865567775,
      0.6442283889268856,
      -0.07986799674786077,
      0.1873319434290725,
      0.9806499477241966,
      0.056854401761141045,
      -0.04316534474267299,
      -0.64196105500544,
      0.07841328940460306,
      0.7627170903428431,
      0.15747595322935745,
      0.0,
      0.0,
      0.0,
      1.0
    ],
    "img_size": [
      1920,
      1080
    ]
  },
  "031.jpg": {
    "K": [
      1474.8187916101367,
      0.0,
      960.0,
      0.0,
      0.0,
      1474.8187916101367,
      540.0,
      0.0,
      0.0,
      0.0,
      1.0,
      0.0,
      0.0,
      0.0,
      0.0,
      1.0
    ],
    "W2C": [
      0.7121596962961978,
      -0.1652401336339457,
      0.682293386460651,
      -0.11525063357922019,
      0.18012441865753517,
      0.9823769911519558,
      0.049906322831031795,
      -0.031175659892190285,
      -0.6785158515278713,
      0.08735642787949814,
      0.7293730826768574,
      0.15560797078212962,
      0.0,
      0.0,
      0.0,
      1.0
    ],
    "img_size": [
      1920,
      1080
    ]
  },
  "032.jpg": {
    "K": [
      1474.8187916101367,
      0.0,
      960.0,
      0.0,
      0.0,
      1474.8187916101367,
      540.0,
      0.0,
      0.0,
      0.0,
      1.0,
      0.0,
      0.0,
      0.0,
      0.0,
      1.0
    ],
    "W2C": [
      0.6803754810085725,
      -0.16697144629764593,
      0.7135893363578426,
      -0.15020056019064132,
      0.16643669655798754,
      0.9834616441399152,
      0.0714284295254992,
      -0.02703444170435555,
      -0.7137142501598368,
      0.07016929974630749,
      0.6969133651264657,
      0.1636825471396234,
      0.0,
      0.0,
      0.0,
      1.0
    ],
    "img_size": [
      1920,
      1080
    ]
  },
  "033.jpg": {
    "K": [
      1474.8187916101367,
      0.0,
      960.0,
      0.0,
      0.0,
      1474.8187916101367,
      540.0,
      0.0,
      0.0,
      0.0,
      1.0,
      0.0,
      0.0,
      0.0,
      0.0,
      1.0
    ],
    "W2C": [
      0.6607217688404434,
      -0.1623704162666974,
      0.7328591898187097,
      -0.17389228465095694,
      0.15636921709121568,
      0.9846781587220906,
      0.07718543698103951,
      -0.021672172070023286,
      -0.7341630691655886,
      0.06359851929921921,
      0.6759880296398086,
      0.17008451724672644,
      0.0,
      0.0,
      0.0,
      1.0
    ],
    "img_size": [
      1920,
      1080
    ]
  },
  "034.jpg": {
    "K": [
      1474.8187916101367,
      0.0,
      960.0,
      0.0,
      0.0,
      1474.8187916101367,
      540.0,
      0.0,
      0.0,
      0.0,
      1.0,
      0.0,
      0.0,
      0.0,
      0.0,
      1.0
    ],
    "W2C": [
      0.5882453049804007,
      -0.16656136291930937,
      0.7913436507301855,
      -0.2030545475518116,
      0.16057055061570819,
      0.9831321457444561,
      0.08756872888691546,
      -0.02193694196634623,
      -0.7925809481961346,
      0.07555459209316094,
      0.6050677186647395,
      0.2072279050926622,
      0.0,
      0.0,
      0.0,
      1.0
    ],
    "img_size": [
      1920,
      1080
    ]
  },
  "035.jpg": {
    "K": [
      1474.8187916101367,
      0.0,
      960.0,
      0.0,
      0.0,
      1474.8187916101367,
      540.0,
      0.0,
      0.0,
      0.0,
      1.0,
      0.0,
      0.0,
      0.0,
      0.0,
      1.0
    ],
    "W2C": [
      0.4968970011829451,
      -0.18963423623246836,
      0.8468365997427866,
      -0.23210714128433535,
      0.18648260580205972,
      0.9763685514597196,
      0.10921853988093229,
      -0.03861094562368479,
      -0.8475361986066852,
      0.10364993086817557,
      0.5205180917915848,
      0.2631530239882613,
      0.0,
      0.0,
      0.0,
      1.0
    ],
    "img_size": [
      1920,
      1080
    ]
  },
  "036.jpg": {
    "K": [
      1474.8187916101367,
      0.0,
      960.0,
      0.0,
      0.0,
      1474.8187916101367,
      540.0,
      0.0,
      0.0,
      0.0,
      1.0,
      0.0,
      0.0,
      0.0,
      0.0,
      1.0
    ],
    "W2C": [
      0.43384989695899356,
      -0.18997270174560238,
      0.8807296063492741,
      -0.25692074235301077,
      0.21099435566954375,
      0.9717587051775871,
      0.10567119185082273,
      -0.044439941490454236,
      -0.8759313036901154,
      0.13998354011474246,
      0.46168058190991684,
      0.30289737470450856,
      0.0,
      0.0,
      0.0,
      1.0
    ],
    "img_size": [
      1920,
      1080
    ]
  },
  "037.jpg": {
    "K": [
      1474.8187916101367,
      0.0,
      960.0,
      0.0,
      0.0,
      1474.8187916101367,
      540.0,
      0.0,
      0.0,
      0.0,
      1.0,
      0.0,
      0.0,
      0.0,
      0.0,
      1.0
    ],
    "W2C": [
      0.3975750052144139,
      -0.1867376402951298,
      0.8983669455883638,
      -0.2702069042754932,
      0.22134736732908813,
      0.9696761886533658,
      0.10360227861955655,
      -0.045534679988732875,
      -0.8904714808489046,
      0.15766148183906312,
      0.42685290082072797,
      0.3296687245647696,
      0.0,
      0.0,
      0.0,
      1.0
    ],
    "img_size": [
      1920,
      1080
    ]
  },
  "038.jpg": {
    "K": [
      1474.8187916101367,
      0.0,
      960.0,
      0.0,
      0.0,
      1474.8187916101367,
      540.0,
      0.0,
      0.0,
      0.0,
      1.0,
      0.0,
      0.0,
      0.0,
      0.0,
      1.0
    ],
    "W2C": [
      0.36392090537981175,
      -0.19058773137349624,
      0.9117224858900007,
      -0.2937688581354832,
      0.23109149661028813,
      0.9667118006816792,
      0.10984086041725576,
      -0.052916942569291775,
      -0.9023072064557368,
      0.17071792838682723,
      0.3958498378240855,
      0.36300583741100273,
      0.0,
      0.0,
      0.0,
      1.0
    ],
    "img_size": [
      1920,
      1080
    ]
  },
  "039.jpg": {
    "K": [
      1474.8187916101367,
      0.0,
      960.0,
      0.0,
      0.0,
      1474.8187916101367,
      540.0,
      0.0,
      0.0,
      0.0,
      1.0,
      0.0,
      0.0,
      0.0,
      0.0,
      1.0
    ],
    "W2C": [
      0.345035769183492,
      -0.19370748013838468,
      0.9183832152878196,
      -0.3260627703820188,
      0.21768582540032183,
      0.9683068302649263,
      0.12245310891142278,
      -0.05378909681926759,
      -0.9129968233262027,
      0.15766830563156775,
      0.3762678646862283,
      0.3889526582089176,
      0.0,
      0.0,
      0.0,
      1.0
    ],
    "img_size": [
      1920,
      1080
    ]
  },
  "040.jpg": {
    "K": [
      1474.8187916101367,
      0.0,
      960.0,
      0.0,
      0.0,
      1474.8187916101367,
      540.0,
      0.0,
      0.0,
      0.0,
      1.0,
      0.0,
      0.0,
      0.0,
      0.0,
      1.0
    ],
    "W2C": [
      0.320987731610315,
      -0.1751914792018193,
      0.9307388579890405,
      -0.3425840793843541,
      0.21109293287896774,
      0.9712548470466038,
      0.1100172521790733,
      -0.04764700616113006,
      -0.9232587123034477,
      0.16115820706236686,
      0.3487425733291295,
      0.40798860858105,
      0.0,
      0.0,
      0.0,
      1.0
    ],
    "img_size": [
      1920,
      1080
    ]
  },
  "041.jpg": {
    "K": [
      1474.8187916101367,
      0.0,
      960.0,
      0.0,
      0.0,
      1474.8187916101367,
      540.0,
      0.0,
      0.0,
      0.0,
      1.0,
      0.0,
      0.0,
      0.0,
      0.0,
      1.0
    ],
    "W2C": [
      0.3022817541424097,
      -0.17166197278895834,
      0.9376342081061202,
      -0.37077426128437935,
      0.21644129171817902,
      0.9703183558597468,
      0.1078677686846463,
      -0.04695706136888659,
      -0.9283204771801356,
      0.1703363008282179,
      0.33046427381519616,
      0.4063072378318179,
      0.0,
      0.0,
      0.0,
      1.0
    ],
    "img_size": [
      1920,
      1080
    ]
  },
  "042.jpg": {
    "K": [
      1474.8187916101367,
      0.0,
      960.0,
      0.0,
      0.0,
      1474.8187916101367,
      540.0,
      0.0,
      0.0,
      0.0,
      1.0,
      0.0,
      0.0,
      0.0,
      0.0,
      1.0
    ],
    "W2C": [
      0.2572004930009832,
      -0.17493235900067236,
      0.9503928536002948,
      -0.3902927939944137,
      0.23499034848132308,
      0.9652801164434506,
      0.11407818774658533,
      -0.05439654304155349,
      -0.9373512908833476,
      0.1939921817326118,
      0.28937793783552984,
      0.4080928931295431,
      0.0,
      0.0,
      0.0,
      1.0
    ],
    "img_size": [
      1920,
      1080
    ]
  },
  "043.jpg": {
    "K": [
      1474.8187916101367,
      0.0,
      960.0,
      0.0,
      0.0,
      1474.8187916101367,
      540.0,
      0.0,
      0.0,
      0.0,
      1.0,
      0.0,
      0.0,
      0.0,
      0.0,
      1.0
    ],
    "W2C": [
      0.22261269453798513,
      -0.21244492008767693,
      0.9514781890088068,
      -0.4124225383538188,
      0.23831819591486195,
      0.9582170480931154,
      0.15819142277507278,
      -0.06054783362821089,
      -0.9453295857670081,
      0.19153914658016227,
      0.2639407691148147,
      0.4010521163896834,
      0.0,
      0.0,
      0.0,
      1.0
    ],
    "img_size": [
      1920,
      1080
    ]
  },
  "044.jpg": {
    "K": [
      1474.8187916101367,
      0.0,
      960.0,
      0.0,
      0.0,
      1474.8187916101367,
      540.0,
      0.0,
      0.0,
      0.0,
      1.0,
      0.0,
      0.0,
      0.0,
      0.0,
      1.0
    ],
    "W2C": [
      0.1760748109739656,
      -0.2481364759081825,
      0.9525890773383613,
      -0.43047809199684334,
      0.2645906797346643,
      0.9440249438304572,
      0.19699918178370898,
      -0.08405417242343512,
      -0.9481505329524583,
      0.21735959778618122,
      0.23187361236716644,
      0.38959885256205434,
      0.0,
      0.0,
      0.0,
      1.0
    ],
    "img_size": [
      1920,
      1080
    ]
  },
  "045.jpg": {
    "K": [
      1474.8187916101367,
      0.0,
      960.0,
      0.0,
      0.0,
      1474.8187916101367,
      540.0,
      0.0,
      0.0,
      0.0,
      1.0,
      0.0,
      0.0,
      0.0,
      0.0,
      1.0
    ],
    "W2C": [
      0.14782898319709145,
      -0.24409997760538069,
      0.9584162940288357,
      -0.4422961956318045,
      0.2700281253988254,
      0.9422066444265201,
      0.19832158402986272,
      -0.08176020428119546,
      -0.951436494580963,
      0.22948167711512474,
      0.2051993095697921,
      0.38475903718375676,
      0.0,
      0.0,
      0.0,
      1.0
    ],
    "img_size": [
      1920,
      1080
    ]
  },
  "046.jpg": {
    "K": [
      1474.8187916101367,
      0.0,
      960.0,
      0.0,
      0.0,
      1474.8187916101367,
      540.0,
      0.0,
      0.0,
      0.0,
      1.0,
      0.0,
      0.0,
      0.0,
      0.0,
      1.0
    ],
    "W2C": [
      0.10435505863061555,
      -0.22729976565633392,
      0.9682173507383437,
      -0.460598761607726,
      0.27915664369886345,
      0.9410899408015087,
      0.19084363128226017,
      -0.08101071802267899,
      -0.9545583219568026,
      0.25036880767138137,
      0.16165973564318423,
      0.38041618617050826,
      0.0,
      0.0,
      0.0,
      1.0
    ],
    "img_size": [
      1920,
      1080
    ]
  },
  "047.jpg": {
    "K": [
      1474.8187916101367,
      0.0,
      960.0,
      0.0,
      0.0,
      1474.8187916101367,
      540.0,
      0.0,
      0.0,
      0.0,
      1.0,
      0.0,
      0.0,
      0.0,
      0.0,
      1.0
    ],
    "W2C": [
      0.07060672301878404,
      -0.2105348814546856,
      0.9750332067962663,
      -0.480846047162936,
      0.2818897885955264,
      0.941841608883186,
      0.1829549968213525,
      -0.0713157507103592,
      -0.9568452527708533,
      0.2619340517519499,
      0.1258479828312265,
      0.38247684600014153,
      0.0,
      0.0,
      0.0,
      1.0
    ],
    "img_size": [
      1920,
      1080
    ]
  },
  "048.jpg": {
    "K": [
      1474.8187916101367,
      0.0,
      960.0,
      0.0,
      0.0,
      1474.8187916101367,
      540.0,
      0.0,
      0.0,
      0.0,
      1.0,
      0.0,
      0.0,
      0.0,
      0.0,
      1.0
    ],
    "W2C": [
      0.02857928750953379,
      -0.2065697751934286,
      0.9780143926865208,
      -0.5021328966824863,
      0.2802689117561533,
      0.9408239337239157,
      0.1905247040026013,
      -0.07068864125910054,
      -0.9594959934405505,
      0.26866196922674723,
      0.08478316379292178,
      0.3917450865662477,
      0.0,
      0.0,
      0.0,
      1.0
    ],
    "img_size": [
      1920,
      1080
    ]
  },
  "049.jpg": {
    "K": [
      1474.8187916101367,
      0.0,
      960.0,
      0.0,
      0.0,
      1474.8187916101367,
      540.0,
      0.0,
      0.0,
      0.0,
      1.0,
      0.0,
      0.0,
      0.0,
      0.0,
      1.0
    ],
    "W2C": [
      -0.011773871892138207,
      -0.20724014048625689,
      0.9782192495099985,
      -0.5149590441123862,
      0.27881135272198676,
      0.9388080681230253,
      0.2022464853104973,
      -0.07491987929887253,
      -0.9602737138618362,
      0.27511985642325026,
      0.046727497981881576,
      0.4132048902984784,
      0.0,
      0.0,
      0.0,
      1.0
    ],
    "img_size": [
      1920,
      1080
    ]
  },
  "050.jpg": {
    "K": [
      1474.8187916101367,
      0.0,
      960.0,
      0.0,
      0.0,
      1474.8187916101367,
      540.0,
      0.0,
      0.0,
      0.0,
      1.0,
      0.0,
      0.0,
      0.0,
      0.0,
      1.0
    ],
    "W2C": [
      -0.07576111821381835,
      -0.20931075562361695,
      0.9749098730381502,
      -0.5328130983474104,
      0.28316263247629403,
      0.9329514608972941,
      0.2223072090119877,
      -0.08227366773291397,
      -0.9560748801930146,
      0.2929002888183534,
      -0.01141246134880876,
      0.4413247841866797,
      0.0,
      0.0,
      0.0,
      1.0
    ],
    "img_size": [
      1920,
      1080
    ]
  },
  "051.jpg": {
    "K": [
      1474.8187916101367,
      0.0,
      960.0,
      0.0,
      0.0,
      1474.8187916101367,
      540.0,
      0.0,
      0.0,
      0.0,
      1.0,
      0.0,
      0.0,
      0.0,
      0.0,
      1.0
    ],
    "W2C": [
      -0.15680256076227264,
      -0.22117456957142653,
      0.9625459816098597,
      -0.5382698750031291,
      0.283356044358146,
      0.9235539141794118,
      0.25837476604651743,
      -0.0954065007486337,
      -0.9461090365619063,
      0.31325704681424554,
      -0.08214446759897695,
      0.48568662780339295,
      0.0,
      0.0,
      0.0,
      1.0
    ],
    "img_size": [
      1920,
      1080
    ]
  },
  "052.jpg": {
    "K": [
      1474.8187916101367,
      0.0,
      960.0,
      0.0,
      0.0,
      1474.8187916101367,
      540.0,
      0.0,
      0.0,
      0.0,
      1.0,
      0.0,
      0.0,
      0.0,
      0.0,
      1.0
    ],
    "W2C": [
      -0.20837320624701858,
      -0.21209128348555362,
      0.9547763583100434,
      -0.550284493007731,
      0.27952511090817683,
      0.9225727801773942,
      0.2659420569363279,
      -0.08814493178595281,
      -0.9372546715221586,
      0.3222991665288699,
      -0.1329546086628326,
      0.5186396450210794,
      0.0,
      0.0,
      0.0,
      1.0
    ],
    "img_size": [
      1920,
      1080
    ]
  },
  "053.jpg": {
    "K": [
      1474.8187916101367,
      0.0,
      960.0,
      0.0,
      0.0,
      1474.8187916101367,
      540.0,
      0.0,
      0.0,
      0.0,
      1.0,
      0.0,
      0.0,
      0.0,
      0.0,
      1.0
    ],
    "W2C": [
      -0.24396295423841444,
      -0.22037641297539465,
      0.94441321123932,
      -0.5539277744496567,
      0.2736621536777224,
      0.9186161645876851,
      0.28504976373026913,
      -0.09834134875152986,
      -0.9303714863449632,
      0.3279917358140445,
      -0.16379962952935548,
      0.5403282189058,
      0.0,
      0.0,
      0.0,
      1.0
    ],
    "img_size": [
      1920,
      1080
    ]
  },
  "054.jpg": {
    "K": [
      1474.8187916101367,
      0.0,
      960.0,
      0.0,
      0.0,
      1474.8187916101367,
      540.0,
      0.0,
      0.0,
      0.0,
      1.0,
      0.0,
      0.0,
      0.0,
      0.0,
      1.0
    ],
    "W2C": [
      -0.28445818714933757,
      -0.22635668822451102,
      0.9315826262118375,
      -0.5626456460011411,
      0.26821660239340456,
      0.9141302954398447,
      0.30401588307126465,
      -0.11194282077524385,
      -0.9204039297853149,
      0.3363457338143209,
      -0.19931922481450512,
      0.5626479944126072,
      0.0,
      0.0,
      0.0,
      1.0
    ],
    "img_size": [
      1920,
      1080
    ]
  },
  "055.jpg": {
    "K": [
      1474.8187916101367,
      0.0,
      960.0,
      0.0,
      0.0,
      1474.8187916101367,
      540.0,
      0.0,
      0.0,
      0.0,
      1.0,
      0.0,
      0.0,
      0.0,
      0.0,
      1.0
    ],
    "W2C": [
      -0.3275873475619756,
      -0.22139366343780342,
      0.9185158547934263,
      -0.557211398512179,
      0.2629780937577795,
      0.912377032686302,
      0.31370475359813105,
      -0.11771072127075168,
      -0.9074850147086917,
      0.3443152567286673,
      -0.24066148853324662,
      0.5921803834993284,
      0.0,
      0.0,
      0.0,
      1.0
    ],
    "img_size": [
      1920,
      1080
    ]
  },
  "056.jpg": {
    "K": [
      1474.8187916101367,
      0.0,
      960.0,
      0.0,
      0.0,
      1474.8187916101367,
      540.0,
      0.0,
      0.0,
      0.0,
      1.0,
      0.0,
      0.0,
      0.0,
      0.0,
      1.0
    ],
    "W2C": [
      -0.3688984246690586,
      -0.20136107347121604,
      0.9073960934273451,
      -0.5533367799097225,
      0.25785241893985367,
      0.9157617240918434,
      0.3080464165271221,
      -0.11101916697502609,
      -0.8929871680620913,
      0.3476121154086183,
      -0.2859016175148235,
      0.6252112233190855,
      0.0,
      0.0,
      0.0,
      1.0
    ],
    "img_size": [
      1920,
      1080
    ]
  }
}