{
  "001.jpg": {
    "K": [
      1474.8187916101367,
      0.0,
      960.0,
      0.0,
      0.0,
      1474.8187916101367,
      540.0,
      0.0,
      0.0,
      0.0,
      1.0,
      0.0,
      0.0,
      0.0,
      0.0,
      1.0
    ],
    "W2C": [
      0.9286258335029067,
      0.11105518285809929,
      -0.35400679048767675,
      4.6674391793204295,
      -0.10283916956545444,
      0.9938108463397071,
      0.04200127260742268,
      -1.5038127047833871,
      0.3564802470742516,
      -0.0025977024289661984,
      0.9342992483075062,
      3.9477781309905127,
      0.0,
      0.0,
      0.0,
      1.0
    ],
    "img_size": [
      1920,
      1080
    ]
  },
  "002.jpg": {
    "K": [
      1474.8187916101367,
      0.0,
      960.0,
      0.0,
      0.0,
      1474.8187916101367,
      540.0,
      0.0,
      0.0,
      0.0,
      1.0,
      0.0,
      0.0,
      0.0,
      0.0,
      1.0
    ],
    "W2C": [
      0.9499793930704377,
      0.1008276806831451,
      -0.2955891262370468,
      4.5981611673683975,
      -0.09460403710084622,
      0.994888200590861,
      0.03532059582312395,
      -1.4020144576186704,
      0.2976394276733927,
      -0.005589913517801227,
      0.9546619946143864,
      3.589863715318276,
      0.0,
      0.0,
      0.0,
      1.0
    ],
    "img_size": [
      1920,
      1080
    ]
  },
  "003.jpg": {
    "K": [
      1474.8187916101367,
      0.0,
      960.0,
      0.0,
      0.0,
      1474.8187916101367,
      540.0,
      0.0,
      0.0,
      0.0,
      1.0,
      0.0,
      0.0,
      0.0,
      0.0,
      1.0
    ],
    "W2C": [
      0.9629264311932515,
      0.1071267724374785,
      -0.24758138608659003,
      4.42635931566958,
      -0.09940960840379803,
      0.9940952565270246,
      0.04350115754175772,
      -1.2939592117672152,
      0.2507796201178078,
      -0.017276445745522718,
      0.9678900281312801,
      3.3236110219422157,
      0.0,
      0.0,
      0.0,
      1.0
    ],
    "img_size": [
      1920,
      1080
    ]
  },
  "004.jpg": {
    "K": [
      1474.8187916101367,
      0.0,
      960.0,
      0.0,
      0.0,
      1474.8187916101367,
      540.0,
      0.0,
      0.0,
      0.0,
      1.0,
      0.0,
      0.0,
      0.0,
      0.0,
      1.0
    ],
    "W2C": [
      0.9733242071713794,
      0.0972897920019821,
      -0.2077851874085764,
      4.210215634790634,
      -0.08867409048768224,
      0.9947844421110476,
      0.05040654134132388,
      -1.1702635285237253,
      0.2116055136578168,
      -0.0306367443770273,
      0.9768748622436697,
      3.165328214917511,
      0.0,
      0.0,
      0.0,
      1.0
    ],
    "img_size": [
      1920,
      1080
    ]
  },
  "005.jpg": {
    "K": [
      1474.8187916101367,
      0.0,
      960.0,
      0.0,
      0.0,
      1474.8187916101367,
      540.0,
      0.0,
      0.0,
      0.0,
      1.0,
      0.0,
      0.0,
      0.0,
      0.0,
      1.0
    ],
    "W2C": [
      0.9775764588405859,
      0.09071813909856555,
      -0.1900381181742067,
      4.091932362779526,
      -0.08203303151343251,
      0.9952142027210107,
      0.05309682140297404,
      -1.1130368347610278,
      0.193945479095071,
      -0.03631679970587228,
      0.9803398600473751,
      3.1175499602098617,
      0.0,
      0.0,
      0.0,
      1.0
    ],
    "img_size": [
      1920,
      1080
    ]
  },
  "006.jpg": {
    "K": [
      1474.8187916101367,
      0.0,
      960.0,
      0.0,
      0.0,
      1474.8187916101367,
      540.0,
      0.0,
      0.0,
      0.0,
      1.0,
      0.0,
      0.0,
      0.0,
      0.0,
      1.0
    ],
    "W2C": [
      0.9856649282062773,
      0.07427612968450949,
      -0.1514850021064941,
      3.9618018898870107,
      -0.06829836252080575,
      0.9966810530471503,
      0.04429686415312564,
      -1.0655905225387954,
      0.15427243104680496,
      -0.03331568783491944,
      0.987466496628111,
      3.012433433181883,
      0.0,
      0.0,
      0.0,
      1.0
    ],
    "img_size": [
      1920,
      1080
    ]
  },
  "007.jpg": {
    "K": [
      1474.8187916101367,
      0.0,
      960.0,
      0.0,
      0.0,
      1474.8187916101367,
      540.0,
      0.0,
      0.0,
      0.0,
      1.0,
      0.0,
      0.0,
      0.0,
      0.0,
      1.0
    ],
    "W2C": [
      0.9914988414481093,
      0.06584895536829248,
      -0.11222282514694545,
      3.8679666699173447,
      -0.06330567532800105,
      0.9976533232692947,
      0.026081373449231098,
      -1.0874541815100942,
      0.11367690565072128,
      -0.018755309825144548,
      0.9933407267775948,
      2.8545920269090543,
      0.0,
      0.0,
      0.0,
      1.0
    ],
    "img_size": [
      1920,
      1080
    ]
  },
  "008.jpg": {
    "K": [
      1474.8187916101367,
      0.0,
      960.0,
      0.0,
      0.0,
      1474.8187916101367,
      540.0,
      0.0,
      0.0,
      0.0,
      1.0,
      0.0,
      0.0,
      0.0,
      0.0,
      1.0
    ],
    "W2C": [
      0.9970012993834795,
      0.04309943040921484,
      -0.0642716743679124,
      3.8677528997522024,
      -0.042379006926626245,
      0.9990230177656455,
      0.01253115103795213,
      -1.034201836010611,
      0.0647489675559903,
      -0.009769804134385284,
      0.9978537578861991,
      2.6504862394704536,
      0.0,
      0.0,
      0.0,
      1.0
    ],
    "img_size": [
      1920,
      1080
    ]
  },
  "009.jpg": {
    "K": [
      1474.8187916101367,
      0.0,
      960.0,
      0.0,
      0.0,
      1474.8187916101367,
      540.0,
      0.0,
      0.0,
      0.0,
      1.0,
      0.0,
      0.0,
      0.0,
      0.0,
      1.0
    ],
    "W2C": [
      0.9976455409695428,
      0.038202659756256904,
      -0.0569555209890707,
      3.775737670918612,
      -0.037205224618077,
      0.9991369126865328,
      0.018471626034071067,
      -0.9709353751715307,
      0.05761202864599755,
      -0.01630909239570994,
      0.9982058242970342,
      2.6024426057301064,
      0.0,
      0.0,
      0.0,
      1.0
    ],
    "img_size": [
      1920,
      1080
    ]
  },
  "010.jpg": {
    "K": [
      1474.8187916101367,
      0.0,
      960.0,
      0.0,
      0.0,
      1474.8187916101367,
      540.0,
      0.0,
      0.0,
      0.0,
      1.0,
      0.0,
      0.0,
      0.0,
      0.0,
      1.0
    ],
    "W2C": [
      0.9983325078516154,
      0.037787158122454687,
      -0.04363868063694175,
      3.6578525991305124,
      -0.03672222302644303,
      0.9990139312542933,
      0.02495282540792604,
      -0.9392657052027638,
      0.04453854625715309,
      -0.023308707404548816,
      0.9987357118159081,
      2.5318922001952493,
      0.0,
      0.0,
      0.0,
      1.0
    ],
    "img_size": [
      1920,
      1080
    ]
  },
  "011.jpg": {
    "K": [
      1474.8187916101367,
      0.0,
      960.0,
      0.0,
      0.0,
      1474.8187916101367,
      540.0,
      0.0,
      0.0,
      0.0,
      1.0,
      0.0,
      0.0,
      0.0,
      0.0,
      1.0
    ],
    "W2C": [
      0.9985353263750437,
      0.04458273406571301,
      -0.030652598655106493,
      3.530875752846743,
      -0.04429938009571933,
      0.9989696204772134,
      0.009862164404788366,
      -0.9778172232992414,
      0.0310606970981031,
      -0.00848982843395559,
      0.9994814435040512,
      2.3473294027045304,
      0.0,
      0.0,
      0.0,
      1.0
    ],
    "img_size": [
      1920,
      1080
    ]
  },
  "012.jpg": {
    "K": [
      1474.8187916101367,
      0.0,
      960.0,
      0.0,
      0.0,
      1474.8187916101367,
      540.0,
      0.0,
      0.0,
      0.0,
      1.0,
      0.0,
      0.0,
      0.0,
      0.0,
      1.0
    ],
    "W2C": [
      0.9995350831330143,
      0.026150989154710088,
      -0.01567620338311497,
      3.4307075128455895,
      -0.026212392072241502,
      0.9996494584974102,
      -0.0037243291592131173,
      -0.9226426670076737,
      0.015573313331774993,
      0.0041335084450512,
      0.9998701845838815,
      2.1270049127410284,
      0.0,
      0.0,
      0.0,
      1.0
    ],
    "img_size": [
      1920,
      1080
    ]
  },
  "013.jpg": {
    "K": [
      1474.8187916101367,
      0.0,
      960.0,
      0.0,
      0.0,
      1474.8187916101367,
      540.0,
      0.0,
      0.0,
      0.0,
      1.0,
      0.0,
      0.0,
      0.0,
      0.0,
      1.0
    ],
    "W2C": [
      0.9999903371058853,
      0.0012980991897691497,
      0.00420007539836728,
      3.3675796508041684,
      -0.00129083910775305,
      0.9999976690141291,
      -0.0017308092634890876,
      -0.8093656832790586,
      -0.00420231237015345,
      0.0017253709172827174,
      0.999989681779738,
      1.9522007333939826,
      0.0,
      0.0,
      0.0,
      1.0
    ],
    "img_size": [
      1920,
      1080
    ]
  },
  "014.jpg": {
    "K": [
      1474.8187916101367,
      0.0,
      960.0,
      0.0,
      0.0,
      1474.8187916101367,
      540.0,
      0.0,
      0.0,
      0.0,
      1.0,
      0.0,
      0.0,
      0.0,
      0.0,
      1.0
    ],
    "W2C": [
      0.9989919297676709,
      -0.012005204460629047,
      0.043255049704327364,
      3.263384712383374,
      0.012418219793772525,
      0.9998797128098718,
      -0.00929234784123089,
      -0.697102074505663,
      -0.0431382901401863,
      0.009820131216402588,
      0.9990208471031393,
      1.6811737694815654,
      0.0,
      0.0,
      0.0,
      1.0
    ],
    "img_size": [
      1920,
      1080
    ]
  },
  "015.jpg": {
    "K": [
      1474.8187916101367,
      0.0,
      960.0,
      0.0,
      0.0,
      1474.8187916101367,
      540.0,
      0.0,
      0.0,
      0.0,
      1.0,
      0.0,
      0.0,
      0.0,
      0.0,
      1.0
    ],
    "W2C": [
      0.9973606103075136,
      -0.0323919548286406,
      0.06498133785483239,
      3.114636560272488,
      0.031226897259188705,
      0.9993342630977428,
      0.018865616514069476,
      -0.5510220093633235,
      -0.06554917157820257,
      -0.016786657239342355,
      0.997708130789832,
      1.5413704116605815,
      0.0,
      0.0,
      0.0,
      1.0
    ],
    "img_size": [
      1920,
      1080
    ]
  },
  "016.jpg": {
    "K": [
      1474.8187916101367,
      0.0,
      960.0,
      0.0,
      0.0,
      1474.8187916101367,
      540.0,
      0.0,
      0.0,
      0.0,
      1.0,
      0.0,
      0.0,
      0.0,
      0.0,
      1.0
    ],
    "W2C": [
      0.9946090072523223,
      -0.04228048979357346,
      0.09468517769622568,
      2.9433171654488985,
      0.04129656311574943,
      0.999070876359356,
      0.012327931106859627,
      -0.5409630274280149,
      -0.095118434424549,
      -0.00835129890281054,
      0.9954309314258116,
      1.3828436446261767,
      0.0,
      0.0,
      0.0,
      1.0
    ],
    "img_size": [
      1920,
      1080
    ]
  },
  "017.jpg": {
    "K": [
      1474.8187916101367,
      0.0,
      960.0,
      0.0,
      0.0,
      1474.8187916101367,
      540.0,
      0.0,
      0.0,
      0.0,
      1.0,
      0.0,
      0.0,
      0.0,
      0.0,
      1.0
    ],
    "W2C": [
      0.9923421914179945,
      -0.030245792549230772,
      0.11975878742205667,
      2.7949986862358913,
      0.02905987822605465,
      0.9995099323720998,
      0.01163694835459231,
      -0.5423332212685772,
      -0.12005206624302364,
      -0.008067659052629225,
      0.9927348156825121,
      1.2462066791261464,
      0.0,
      0.0,
      0.0,
      1.0
    ],
    "img_size": [
      1920,
      1080
    ]
  },
  "018.jpg": {
    "K": [
      1474.8187916101367,
      0.0,
      960.0,
      0.0,
      0.0,
      1474.8187916101367,
      540.0,
      0.0,
      0.0,
      0.0,
      1.0,
      0.0,
      0.0,
      0.0,
      0.0,
      1.0
    ],
    "W2C": [
      0.9842216246218993,
      -0.017126985763584162,
      0.17610922742798904,
      2.6053035902430746,
      0.015016743336177227,
      0.9997986715331187,
      0.013308411632740835,
      -0.5536147574576378,
      -0.17630170460379715,
      -0.010453839450894594,
      0.9842806643404769,
      1.0651279724329394,
      0.0,
      0.0,
      0.0,
      1.0
    ],
    "img_size": [
      1920,
      1080
    ]
  },
  "019.jpg": {
    "K": [
      1474.8187916101367,
      0.0,
      960.0,
      0.0,
      0.0,
      1474.8187916101367,
      540.0,
      0.0,
      0.0,
      0.0,
      1.0,
      0.0,
      0.0,
      0.0,
      0.0,
      1.0
    ],
    "W2C": [
      0.9730213785002774,
      -0.022689691382919135,
      0.22959654807154306,
      2.3744610899691097,
      0.020229601460410453,
      0.999710015321435,
      0.013063249625174394,
      -0.5185606480176838,
      -0.22982636969280407,
      -0.008066174493807133,
      0.9731982206225321,
      0.891486174143971,
      0.0,
      0.0,
      0.0,
      1.0
    ],
    "img_size": [
      1920,
      1080
    ]
  },
  "020.jpg": {
    "K": [
      1474.8187916101367,
      0.0,
      960.0,
      0.0,
      0.0,
      1474.8187916101367,
      540.0,
      0.0,
      0.0,
      0.0,
      1.0,
      0.0,
      0.0,
      0.0,
      0.0,
      1.0
    ],
    "W2C": [
      0.9522642968818598,
      -0.03452841416272117,
      0.3033158378646014,
      2.1180599875832486,
      0.031414378724475334,
      0.9993917526922599,
      0.015141382369137356,
      -0.46714767079146335,
      -0.303654154744263,
      -0.0048901192317558255,
      0.9527697733662874,
      0.7982349642971898,
      0.0,
      0.0,
      0.0,
      1.0
    ],
    "img_size": [
      1920,
      1080
    ]
  },
  "021.jpg": {
    "K": [
      1474.8187916101367,
      0.0,
      960.0,
      0.0,
      0.0,
      1474.8187916101367,
      540.0,
      0.0,
      0.0,
      0.0,
      1.0,
      0.0,
      0.0,
      0.0,
      0.0,
      1.0
    ],
    "W2C": [
      0.9343062072133436,
      -0.06989401762495134,
      0.3495521956201391,
      1.912378873685278,
      0.06462307920723992,
      0.9975515616465473,
      0.026734612215433298,
      -0.3924575884845684,
      -0.35056492807523093,
      -0.0023891749156961313,
      0.9365353826988227,
      0.7730122324115394,
      0.0,
      0.0,
      0.0,
      1.0
    ],
    "img_size": [
      1920,
      1080
    ]
  },
  "022.jpg": {
    "K": [
      1474.8187916101367,
      0.0,
      960.0,
      0.0,
      0.0,
      1474.8187916101367,
      540.0,
      0.0,
      0.0,
      0.0,
      1.0,
      0.0,
      0.0,
      0.0,
      0.0,
      1.0
    ],
    "W2C": [
      0.9079434717446094,
      -0.08348088357314334,
      0.41069403963801715,
      1.6297813244374788,
      0.08404641715948527,
      0.9963216527738432,
      0.016714184893421944,
      -0.33001623053650464,
      -0.41057867927962316,
      0.019341827520816143,
      0.9116200095594412,
      0.8035375875238364,
      0.0,
      0.0,
      0.0,
      1.0
    ],
    "img_size": [
      1920,
      1080
    ]
  },
  "023.jpg": {
    "K": [
      1474.8187916101367,
      0.0,
      960.0,
      0.0,
      0.0,
      1474.8187916101367,
      540.0,
      0.0,
      0.0,
      0.0,
      1.0,
      0.0,
      0.0,
      0.0,
      0.0,
      1.0
    ],
    "W2C": [
      0.8909489841524788,
      -0.09290269315711476,
      0.4444985908209623,
      1.2604453799253867,
      0.09810377242072317,
      0.9951115154639312,
      0.011345555424986851,
      -0.33558128081377947,
      -0.4433796989877742,
      0.03349867751469415,
      0.8957076984877809,
      0.9044788352507268,
      0.0,
      0.0,
      0.0,
      1.0
    ],
    "img_size": [
      1920,
      1080
    ]
  },
  "024.jpg": {
    "K": [
      1474.8187916101367,
      0.0,
      960.0,
      0.0,
      0.0,
      1474.8187916101367,
      540.0,
      0.0,
      0.0,
      0.0,
      1.0,
      0.0,
      0.0,
      0.0,
      0.0,
      1.0
    ],
    "W2C": [
      0.8773609690950205,
      -0.09768625810296605,
      0.4697819971928333,
      0.9050862719510012,
      0.10111215123184,
      0.9947121176183065,
      0.018003775619968382,
      -0.34452644784338704,
      -0.46905656671868057,
      0.03170485832085283,
      0.882598855186737,
      0.9991852101609285,
      0.0,
      0.0,
      0.0,
      1.0
    ],
    "img_size": [
      1920,
      1080
    ]
  },
  "025.jpg": {
    "K": [
      1474.8187916101367,
      0.0,
      960.0,
      0.0,
      0.0,
      1474.8187916101367,
      540.0,
      0.0,
      0.0,
      0.0,
      1.0,
      0.0,
      0.0,
      0.0,
      0.0,
      1.0
    ],
    "W2C": [
      0.8677098379498499,
      -0.08590556574715665,
      0.4895915347498424,
      0.7111718406620385,
      0.08897022664049765,
      0.9958881892215573,
      0.017059113123083513,
      -0.34680652046599764,
      -0.4890438997642069,
      0.02875670952436361,
      0.8717850169398117,
      1.048771909309312,
      0.0,
      0.0,
      0.0,
      1.0
    ],
    "img_size": [
      1920,
      1080
    ]
  },
  "026.jpg": {
    "K": [
      1474.8187916101367,
      0.0,
      960.0,
      0.0,
      0.0,
      1474.8187916101367,
      540.0,
      0.0,
      0.0,
      0.0,
      1.0,
      0.0,
      0.0,
      0.0,
      0.0,
      1.0
    ],
    "W2C": [
      0.8504365596247847,
      -0.06272704096796126,
      0.5223245891062032,
      0.36148417389337745,
      0.07377684460545349,
      0.9972747113006438,
      -0.0003569317586330972,
      -0.3089468576008235,
      -0.5208787145330696,
      0.03883900786092844,
      0.8527466776333731,
      1.0375839083704792,
      0.0,
      0.0,
      0.0,
      1.0
    ],
    "img_size": [
      1920,
      1080
    ]
  },
  "027.jpg": {
    "K": [
      1474.8187916101367,
      0.0,
      960.0,
      0.0,
      0.0,
      1474.8187916101367,
      540.0,
      0.0,
      0.0,
      0.0,
      1.0,
      0.0,
      0.0,
      0.0,
      0.0,
      1.0
    ],
    "W2C": [
      0.8254588651103734,
      -0.07123868555399654,
      0.5599488473880748,
      0.11777781482594953,
      0.07991618426091979,
      0.9967609419020002,
      0.00900156607554975,
      -0.29899048762244756,
      -0.5587764002746264,
      0.037318552747615696,
      0.8284782798100107,
      1.036948808730819,
      0.0,
      0.0,
      0.0,
      1.0
    ],
    "img_size": [
      1920,
      1080
    ]
  },
  "028.jpg": {
    "K": [
      1474.8187916101367,
      0.0,
      960.0,
      0.0,
      0.0,
      1474.8187916101367,
      540.0,
      0.0,
      0.0,
      0.0,
      1.0,
      0.0,
      0.0,
      0.0,
      0.0,
      1.0
    ],
    "W2C": [
      0.7910978171813278,
      -0.12282739511805418,
      0.5992309026238982,
      -0.18451080841856637,
      0.1253587324314916,
      0.9913943944180945,
      0.03771396186492824,
      -0.27326935104932765,
      -0.5987064655188785,
      0.04528339347810587,
      0.7996874279498203,
      0.9428150749370908,
      0.0,
      0.0,
      0.0,
      1.0
    ],
    "img_size": [
      1920,
      1080
    ]
  },
  "029.jpg": {
    "K": [
      1474.8187916101367,
      0.0,
      960.0,
      0.0,
      0.0,
      1474.8187916101367,
      540.0,
      0.0,
      0.0,
      0.0,
      1.0,
      0.0,
      0.0,
      0.0,
      0.0,
      1.0
    ],
    "W2C": [
      0.7560137171771292,
      -0.15311689606875037,
      0.6363949053679574,
      -0.36448547903029044,
      0.15793063473723346,
      0.9862004629771821,
      0.04966448867235501,
      -0.2839467484094622,
      -0.635217422660552,
      0.06295921665541458,
      0.7697629264823179,
      0.9255374162873016,
      0.0,
      0.0,
      0.0,
      1.0
    ],
    "img_size": [
      1920,
      1080
    ]
  },
  "030.jpg": {
    "K": [
      1474.8187916101367,
      0.0,
      960.0,
      0.0,
      0.0,
      1474.8187916101367,
      540.0,
      0.0,
      0.0,
      0.0,
      1.0,
      0.0,
      0.0,
      0.0,
      0.0,
      1.0
    ],
    "W2C": [
      0.7435003341138383,
      -0.17937958655677752,
      0.6442283889268854,
      -0.66780997115745,
      0.18733194342907253,
      0.9806499477241966,
      0.056854401761141045,
      -0.2557410811463396,
      -0.64196105500544,
      0.07841328940460306,
      0.762717090342843,
      0.782271541256209,
      0.0,
      0.0,
      0.0,
      1.0
    ],
    "img_size": [
      1920,
      1080
    ]
  },
  "031.jpg": {
    "K": [
      1474.8187916101367,
      0.0,
      960.0,
      0.0,
      0.0,
      1474.8187916101367,
      540.0,
      0.0,
      0.0,
      0.0,
      1.0,
      0.0,
      0.0,
      0.0,
      0.0,
      1.0
    ],
    "W2C": [
      0.7121596962961978,
      -0.16524013363394568,
      0.6822933864606509,
      -0.9276450415738822,
      0.1801244186575352,
      0.9823769911519558,
      0.04990632283103179,
      -0.17140973973837903,
      -0.6785158515278713,
      0.08735642787949814,
      0.7293730826768574,
      0.7755053239747522,
      0.0,
      0.0,
      0.0,
      1.0
    ],
    "img_size": [
      1920,
      1080
    ]
  },
  "032.jpg": {
    "K": [
      1474.8187916101367,
      0.0,
      960.0,
      0.0,
      0.0,
      1474.8187916101367,
      540.0,
      0.0,
      0.0,
      0.0,
      1.0,
      0.0,
      0.0,
      0.0,
      0.0,
      1.0
    ],
    "W2C": [
      0.6803754810085725,
      -0.16697144629764596,
      0.7135893363578425,
      -1.183078225643665,
      0.1664366965579875,
      0.9834616441399151,
      0.07142842952549919,
      -0.15094030001221825,
      -0.7137142501598368,
      0.0701692997463075,
      0.6969133651264657,
      0.8364503150234549,
      0.0,
      0.0,
      0.0,
      1.0
    ],
    "img_size": [
      1920,
      1080
    ]
  },
  "033.jpg": {
    "K": [
      1474.8187916101367,
      0.0,
      960.0,
      0.0,
      0.0,
      1474.8187916101367,
      540.0,
      0.0,
      0.0,
      0.0,
      1.0,
      0.0,
      0.0,
      0.0,
      0.0,
      1.0
    ],
    "W2C": [
      0.6607217688404432,
      -0.16237041626669738,
      0.7328591898187098,
      -1.355183134476351,
      0.15636921709121562,
      0.9846781587220905,
      0.07718543698103955,
      -0.11674636479603832,
      -0.7341630691655885,
      0.0635985192992192,
      0.6759880296398085,
      0.8844673661622858,
      0.0,
      0.0,
      0.0,
      1.0
    ],
    "img_size": [
      1920,
      1080
    ]
  },
  "034.jpg": {
    "K": [
      1474.8187916101367,
      0.0,
      960.0,
      0.0,
      0.0,
      1474.8187916101367,
      540.0,
      0.0,
      0.0,
      0.0,
      1.0,
      0.0,
      0.0,
      0.0,
      0.0,
      1.0
    ],
    "W2C": [
      0.5882453049804007,
      -0.16656136291930937,
      0.7913436507301855,
      -1.5838712485661088,
      0.1605705506157082,
      0.9831321457444562,
      0.08756872888691548,
      -0.12131533751434923,
      -0.7925809481961347,
      0.07555459209316094,
      0.6050677186647395,
      1.15677073325191,
      0.0,
      0.0,
      0.0,
      1.0
    ],
    "img_size": [
      1920,
      1080
    ]
  },
  "035.jpg": {
    "K": [
      1474.8187916101367,
      0.0,
      960.0,
      0.0,
      0.0,
      1474.8187916101367,
      540.0,
      0.0,
      0.0,
      0.0,
      1.0,
      0.0,
      0.0,
      0.0,
      0.0,
      1.0
    ],
    "W2C": [
      0.4968970011829451,
      -0.18963423623246836,
      0.8468365997427868,
      -1.8138850373938438,
      0.1864826058020597,
      0.9763685514597196,
      0.1092185398809323,
      -0.24052496125119469,
      -0.847536198606685,
      0.10364993086817556,
      0.5205180917915847,
      1.5643146411289823,
      0.0,
      0.0,
      0.0,
      1.0
    ],
    "img_size": [
      1920,
      1080
    ]
  },
  "036.jpg": {
    "K": [
      1474.8187916101367,
      0.0,
      960.0,
      0.0,
      0.0,
      1474.8187916101367,
      540.0,
      0.0,
      0.0,
      0.0,
      1.0,
      0.0,
      0.0,
      0.0,
      0.0,
      1.0
    ],
    "W2C": [
      0.43384989695899345,
      -0.18997270174560238,
      0.880729606349274,
      -2.0036492268319828,
      0.21099435566954372,
      0.9717587051775871,
      0.10567119185082277,
      -0.2770206280521717,
      -0.8759313036901153,
      0.13998354011474246,
      0.4616805819099168,
      1.8554775633444482,
      0.0,
      0.0,
      0.0,
      1.0
    ],
    "img_size": [
      1920,
      1080
    ]
  },
  "037.jpg": {
    "K": [
      1474.8187916101367,
      0.0,
      960.0,
      0.0,
      0.0,
      1474.8187916101367,
      540.0,
      0.0,
      0.0,
      0.0,
      1.0,
      0.0,
      0.0,
      0.0,
      0.0,
      1.0
    ],
    "W2C": [
      0.3975750052144139,
      -0.1867376402951298,
      0.8983669455883637,
      -2.105270508090982,
      0.22134736732908816,
      0.9696761886533658,
      0.10360227861955654,
      -0.2828004250972627,
      -0.8904714808489046,
      0.15766148183906312,
      0.42685290082072797,
      2.050418106930006,
      0.0,
      0.0,
      0.0,
      1.0
    ],
    "img_size": [
      1920,
      1080
    ]
  },
  "038.jpg": {
    "K": [
      1474.8187916101367,
      0.0,
      960.0,
      0.0,
      0.0,
      1474.8187916101367,
      540.0,
      0.0,
      0.0,
      0.0,
      1.0,
      0.0,
      0.0,
      0.0,
      0.0,
      1.0
    ],
    "W2C": [
      0.36392090537981175,
      -0.19058773137349627,
      0.9117224858900007,
      -2.276676390871659,
      0.2310914966102881,
      0.9667118006816791,
      0.10984086041725576,
      -0.33476066996271275,
      -0.9023072064557368,
      0.17071792838682726,
      0.3958498378240855,
      2.289786850806992,
      0.0,
      0.0,
      0.0,
      1.0
    ],
    "img_size": [
      1920,
      1080
    ]
  },
  "039.jpg": {
    "K": [
      1474.8187916101367,
      0.0,
      960.0,
      0.0,
      0.0,
      1474.8187916101367,
      540.0,
      0.0,
      0.0,
      0.0,
      1.0,
      0.0,
      0.0,
      0.0,
      0.0,
      1.0
    ],
    "W2C": [
      0.3450357691834919,
      -0.19370748013838465,
      0.9183832152878196,
      -2.50467563096812,
      0.21768582540032175,
      0.968306830264926,
      0.12245310891142278,
      -0.34621414799475003,
      -0.9129968233262026,
      0.15766830563156772,
      0.3762678646862283,
      2.4736213251814623,
      0.0,
      0.0,
      0.0,
      1.0
    ],
    "img_size": [
      1920,
      1080
    ]
  },
  "040.jpg": {
    "K": [
      1474.8187916101367,
      0.0,
      960.0,
      0.0,
      0.0,
      1474.8187916101367,
      540.0,
      0.0,
      0.0,
      0.0,
      1.0,
      0.0,
      0.0,
      0.0,
      0.0,
      1.0
    ],
    "W2C": [
      0.32098773161031496,
      -0.1751914792018193,
      0.9307388579890404,
      -2.625012232801717,
      0.21109293287896772,
      0.9712548470466039,
      0.11001725217907331,
      -0.3005619624456043,
      -0.9232587123034476,
      0.16115820706236683,
      0.3487425733291295,
      2.6127387929588535,
      0.0,
      0.0,
      0.0,
      1.0
    ],
    "img_size": [
      1920,
      1080
    ]
  },
  "041.jpg": {
    "K": [
      1474.8187916101367,
      0.0,
      960.0,
      0.0,
      0.0,
      1474.8187916101367,
      540.0,
      0.0,
      0.0,
      0.0,
      1.0,
      0.0,
      0.0,
      0.0,
      0.0,
      1.0
    ],
    "W2C": [
      0.3022817541424097,
      -0.17166197278895834,
      0.9376342081061202,
      -2.82439491971952,
      0.216441291718179,
      0.9703183558597468,
      0.10786776868464631,
      -0.2945197450815485,
      -0.9283204771801354,
      0.17033630082821788,
      0.33046427381519616,
      2.606446102186257,
      0.0,
      0.0,
      0.0,
      1.0
    ],
    "img_size": [
      1920,
      1080
    ]
  },
  "042.jpg": {
    "K": [
      1474.8187916101367,
      0.0,
      960.0,
      0.0,
      0.0,
      1474.8187916101367,
      540.0,
      0.0,
      0.0,
      0.0,
      1.0,
      0.0,
      0.0,
      0.0,
      0.0,
      1.0
    ],
    "W2C": [
      0.25720049300098313,
      -0.1749323590006724,
      0.9503928536002949,
      -2.968978330933891,
      0.23499034848132305,
      0.9652801164434506,
      0.11407818774658533,
      -0.3458884485721994,
      -0.9373512908833476,
      0.1939921817326118,
      0.28937793783552984,
      2.6312268669654877,
      0.0,
      0.0,
      0.0,
      1.0
    ],
    "img_size": [
      1920,
      1080
    ]
  },
  "043.jpg": {
    "K": [
      1474.8187916101367,
      0.0,
      960.0,
      0.0,
      0.0,
      1474.8187916101367,
      540.0,
      0.0,
      0.0,
      0.0,
      1.0,
      0.0,
      0.0,
      0.0,
      0.0,
      1.0
    ],
    "W2C": [
      0.22261269453798513,
      -0.21244492008767693,
      0.9514781890088067,
      -3.128125132078962,
      0.23831819591486195,
      0.9582170480931154,
      0.15819142277507275,
      -0.4018629670685815,
      -0.9453295857670081,
      0.19153914658016225,
      0.2639407691148147,
      2.589224276548841,
      0.0,
      0.0,
      0.0,
      1.0
    ],
    "img_size": [
      1920,
      1080
    ]
  },
  "044.jpg": {
    "K": [
      1474.8187916101367,
      0.0,
      960.0,
      0.0,
      0.0,
      1474.8187916101367,
      540.0,
      0.0,
      0.0,
      0.0,
      1.0,
      0.0,
      0.0,
      0.0,
      0.0,
      1.0
    ],
    "W2C": [
      0.17607481097396563,
      -0.2481364759081825,
      0.9525890773383613,
      -3.260442030597945,
      0.26459067973466427,
      0.9440249438304572,
      0.196999181783709,
      -0.5738734610203857,
      -0.9481505329524583,
      0.2173595977861812,
      0.23187361236716644,
      2.520421482873591,
      0.0,
      0.0,
      0.0,
      1.0
    ],
    "img_size": [
      1920,
      1080
    ]
  },
  "045.jpg": {
    "K": [
      1474.8187916101367,
      0.0,
      960.0,
      0.0,
      0.0,
      1474.8187916101367,
      540.0,
      0.0,
      0.0,
      0.0,
      1.0,
      0.0,
      0.0,
      0.0,
      0.0,
      1.0
    ],
    "W2C": [
      0.14782898319709142,
      -0.24409997760538066,
      0.9584162940288355,
      -3.3472843504397543,
      0.2700281253988254,
      0.9422066444265201,
      0.19832158402986275,
      -0.557814125249862,
      -0.9514364945809631,
      0.22948167711512477,
      0.20519930956979213,
      2.4951637164737646,
      0.0,
      0.0,
      0.0,
      1.0
    ],
    "img_size": [
      1920,
      1080
    ]
  },
  "046.jpg": {
    "K": [
      1474.8187916101367,
      0.0,
      960.0,
      0.0,
      0.0,
      1474.8187916101367,
      540.0,
      0.0,
      0.0,
      0.0,
      1.0,
      0.0,
      0.0,
      0.0,
      0.0,
      1.0
    ],
    "W2C": [
      0.10435505863061552,
      -0.22729976565633386,
      0.9682173507383436,
      -3.48157309947051,
      0.27915664369886345,
      0.9410899408015084,
      0.19084363128226017,
      -0.5492791613360498,
      -0.9545583219568026,
      0.2503688076713814,
      0.16165973564318425,
      2.4788732745632722,
      0.0,
      0.0,
      0.0,
      1.0
    ],
    "img_size": [
      1920,
      1080
    ]
  },
  "047.jpg": {
    "K": [
      1474.8187916101367,
      0.0,
      960.0,
      0.0,
      0.0,
      1474.8187916101367,
      540.0,
      0.0,
      0.0,
      0.0,
      1.0,
      0.0,
      0.0,
      0.0,
      0.0,
      1.0
    ],
    "W2C": [
      0.07060672301878404,
      -0.2105348814546856,
      0.9750332067962661,
      -3.6272413803051595,
      0.2818897885955264,
      0.9418416088831861,
      0.18295499682135252,
      -0.4793873645201893,
      -0.9568452527708533,
      0.26193405175194984,
      0.1258479828312265,
      2.504284863100276,
      0.0,
      0.0,
      0.0,
      1.0
    ],
    "img_size": [
      1920,
      1080
    ]
  },
  "048.jpg": {
    "K": [
      1474.8187916101367,
      0.0,
      960.0,
      0.0,
      0.0,
      1474.8187916101367,
      540.0,
      0.0,
      0.0,
      0.0,
      1.0,
      0.0,
      0.0,
      0.0,
      0.0,
      1.0
    ],
    "W2C": [
      0.028579287509533785,
      -0.20656977519342865,
      0.9780143926865208,
      -3.7804230229452194,
      0.2802689117561534,
      0.9408239337239158,
      0.1905247040026013,
      -0.47759988990493313,
      -0.9594959934405507,
      0.2686619692267473,
      0.08478316379292178,
      2.5809719093725376,
      0.0,
      0.0,
      0.0,
      1.0
    ],
    "img_size": [
      1920,
      1080
    ]
  },
  "049.jpg": {
    "K": [
      1474.8187916101367,
      0.0,
      960.0,
      0.0,
      0.0,
      1474.8187916101367,
      540.0,
      0.0,
      0.0,
      0.0,
      1.0,
      0.0,
      0.0,
      0.0,
      0.0,
      1.0
    ],
    "W2C": [
      -0.011773871892138216,
      -0.20724014048625686,
      0.9782192495099984,
      -3.874159952949455,
      0.2788113527219868,
      0.9388080681230253,
      0.20224648531049733,
      -0.5107372169846102,
      -0.9602737138618362,
      0.2751198564232503,
      0.04672749798188158,
      2.741351960971314,
      0.0,
      0.0,
      0.0,
      1.0
    ],
    "img_size": [
      1920,
      1080
    ]
  },
  "050.jpg": {
    "K": [
      1474.8187916101367,
      0.0,
      960.0,
      0.0,
      0.0,
      1474.8187916101367,
      540.0,
      0.0,
      0.0,
      0.0,
      1.0,
      0.0,
      0.0,
      0.0,
      0.0,
      1.0
    ],
    "W2C": [
      -0.07576111821381834,
      -0.20931075562361695,
      0.9749098730381502,
      -4.004525070366034,
      0.28316263247629403,
      0.9329514608972942,
      0.2223072090119877,
      -0.5674964809593909,
      -0.9560748801930146,
      0.29290028881835345,
      -0.011412461348808751,
      2.95503000590308,
      0.0,
      0.0,
      0.0,
      1.0
    ],
    "img_size": [
      1920,
      1080
    ]
  },
  "051.jpg": {
    "K": [
      1474.8187916101367,
      0.0,
      960.0,
      0.0,
      0.0,
      1474.8187916101367,
      540.0,
      0.0,
      0.0,
      0.0,
      1.0,
      0.0,
      0.0,
      0.0,
      0.0,
      1.0
    ],
    "W2C": [
      -0.15680256076227267,
      -0.2211745695714265,
      0.9625459816098597,
      -4.048722397410833,
      0.283356044358146,
      0.9235539141794118,
      0.25837476604651743,
      -0.6698052177242594,
      -0.9461090365619064,
      0.3132570468142456,
      -0.08214446759897696,
      3.2858003825974347,
      0.0,
      0.0,
      0.0,
      1.0
    ],
    "img_size": [
      1920,
      1080
    ]
  },
  "052.jpg": {
    "K": [
      1474.8187916101367,
      0.0,
      960.0,
      0.0,
      0.0,
      1474.8187916101367,
      540.0,
      0.0,
      0.0,
      0.0,
      1.0,
      0.0,
      0.0,
      0.0,
      0.0,
      1.0
    ],
    "W2C": [
      -0.2083732062470186,
      -0.21209128348555362,
      0.9547763583100434,
      -4.135369665601561,
      0.2795251109081769,
      0.9225727801773943,
      0.2659420569363279,
      -0.6223522162668756,
      -0.9372546715221585,
      0.3222991665288699,
      -0.13295460866283257,
      3.5309131373794513,
      0.0,
      0.0,
      0.0,
      1.0
    ],
    "img_size": [
      1920,
      1080
    ]
  },
  "053.jpg": {
    "K": [
      1474.8187916101367,
      0.0,
      960.0,
      0.0,
      0.0,
      1474.8187916101367,
      540.0,
      0.0,
      0.0,
      0.0,
      1.0,
      0.0,
      0.0,
      0.0,
      0.0,
      1.0
    ],
    "W2C": [
      -0.2439629542384144,
      -0.2203764129753946,
      0.9444132112393199,
      -4.162018653858647,
      0.27366215367772245,
      0.9186161645876851,
      0.28504976373026913,
      -0.6996538222728015,
      -0.9303714863449634,
      0.3279917358140445,
      -0.1637996295293555,
      3.6915595159978696,
      0.0,
      0.0,
      0.0,
      1.0
    ],
    "img_size": [
      1920,
      1080
    ]
  },
  "054.jpg": {
    "K": [
      1474.8187916101367,
      0.0,
      960.0,
      0.0,
      0.0,
      1474.8187916101367,
      540.0,
      0.0,
      0.0,
      0.0,
      1.0,
      0.0,
      0.0,
      0.0,
      0.0,
      1.0
    ],
    "W2C": [
      -0.28445818714933757,
      -0.22635668822451102,
      0.9315826262118375,
      -4.223543065732644,
      0.26821660239340456,
      0.9141302954398447,
      0.30401588307126465,
      -0.800454949007904,
      -0.9204039297853149,
      0.3363457338143209,
      -0.1993192248145051,
      3.8584820965975397,
      0.0,
      0.0,
      0.0,
      1.0
    ],
    "img_size": [
      1920,
      1080
    ]
  },
  "055.jpg": {
    "K": [
      1474.8187916101367,
      0.0,
      960.0,
      0.0,
      0.0,
      1474.8187916101367,
      540.0,
      0.0,
      0.0,
      0.0,
      1.0,
      0.0,
      0.0,
      0.0,
      0.0,
      1.0
    ],
    "W2C": [
      -0.3275873475619756,
      -0.22139366343780342,
      0.9185158547934262,
      -4.186915517584918,
      0.2629780937577794,
      0.9123770326863019,
      0.31370475359813094,
      -0.8440521371742407,
      -0.9074850147086917,
      0.3443152567286673,
      -0.2406614885332466,
      4.077460766717922,
      0.0,
      0.0,
      0.0,
      1.0
    ],
    "img_size": [
      1920,
      1080
    ]
  },
  "056.jpg": {
    "K": [
      1474.8187916101367,
      0.0,
      960.0,
      0.0,
      0.0,
      1474.8187916101367,
      540.0,
      0.0,
      0.0,
      0.0,
      1.0,
      0.0,
      0.0,
      0.0,
      0.0,
      1.0
    ],
    "W2C": [
      -0.3688984246690586,
      -0.201361073471216,
      0.907396093427345,
      -4.160879424394586,
      0.25785241893985367,
      0.9157617240918434,
      0.30804641652712206,
      -0.7964794266966421,
      -0.8929871680620912,
      0.34761211540861825,
      -0.2859016175148234,
      4.321862052177339,
      0.0,
      0.0,
      0.0,
      1.0
    ],
    "img_size": [
      1920,
      1080
    ]
  }
}