{
  "001.jpg": {
    "K": [
      1871.231046228763,
      0.0,
      540.0,
      0.0,
      0.0,
      1871.231046228763,
      960.0,
      0.0,
      0.0,
      0.0,
      1.0,
      0.0,
      0.0,
      0.0,
      0.0,
      1.0
    ],
    "W2C": [
      -0.5841990823713662,
      -0.010181721726003831,
      0.8115465265153611,
      -0.153796386975808,
      0.04314158733041427,
      0.9981180958342696,
      0.043578322716505524,
      -0.025780389197875005,
      -0.8104629760816136,
      0.0604698214886226,
      -0.5826604200476193,
      0.895616169951017,
      0.0,
      0.0,
      0.0,
      1.0
    ],
    "img_size": [
      1080,
      1920
    ]
  },
  "002.jpg": {
    "K": [
      1871.231046228763,
      0.0,
      540.0,
      0.0,
      0.0,
      1871.231046228763,
      960.0,
      0.0,
      0.0,
      0.0,
      1.0,
      0.0,
      0.0,
      0.0,
      0.0,
      1.0
    ],
    "W2C": [
      -0.5712247787799059,
      -0.008973636713157594,
      0.8207446167669867,
      -0.159205148298815,
      0.04558629234771464,
      0.9980499792895635,
      0.042639521457103854,
      -0.030593353583062564,
      -0.819526779341491,
      0.06177145525436806,
      -0.5697018038043422,
      0.8886846993590982,
      0.0,
      0.0,
      0.0,
      1.0
    ],
    "img_size": [
      1080,
      1920
    ]
  },
  "003.jpg": {
    "K": [
      1871.231046228763,
      0.0,
      540.0,
      0.0,
      0.0,
      1871.231046228763,
      960.0,
      0.0,
      0.0,
      0.0,
      1.0,
      0.0,
      0.0,
      0.0,
      0.0,
      1.0
    ],
    "W2C": [
      -0.5448362016225572,
      -0.013961960246233385,
      0.8384262502257351,
      -0.16803390017754055,
      0.048348392255327874,
      0.9976749677468992,
      0.0480321943861516,
      -0.0401169992302979,
      -0.8371475057406726,
      0.06670623956802466,
      -0.5428944015504897,
      0.8706390884523532,
      0.0,
      0.0,
      0.0,
      1.0
    ],
    "img_size": [
      1080,
      1920
    ]
  },
  "004.jpg": {
    "K": [
      1871.231046228763,
      0.0,
      540.0,
      0.0,
      0.0,
      1871.231046228763,
      960.0,
      0.0,
      0.0,
      0.0,
      1.0,
      0.0,
      0.0,
      0.0,
      0.0,
      1.0
    ],
    "W2C": [
      -0.5400709918992287,
      -0.013945670848510465,
      0.8415039167903903,
      -0.13790721685331095,
      0.04802498906491299,
      0.997722880756647,
      0.04735666415587636,
      -0.04278503002674929,
      -0.8402481324789113,
      0.06598917698564276,
      -0.5381714451607956,
      0.8496056683749157,
      0.0,
      0.0,
      0.0,
      1.0
    ],
    "img_size": [
      1080,
      1920
    ]
  },
  "005.jpg": {
    "K": [
      1871.231046228763,
      0.0,
      540.0,
      0.0,
      0.0,
      1871.231046228763,
      960.0,
      0.0,
      0.0,
      0.0,
      1.0,
      0.0,
      0.0,
      0.0,
      0.0,
      1.0
    ],
    "W2C": [
      -0.5176236282780307,
      -0.007880134627444921,
      0.8555721377689556,
      -0.1200720701956669,
      0.049201482568037753,
      0.9980287524746704,
      0.03895925239221452,
      -0.03246368603094551,
      -0.8541925974634728,
      0.062261647200395696,
      -0.5162155496752292,
      0.8193962967446412,
      0.0,
      0.0,
      0.0,
      1.0
    ],
    "img_size": [
      1080,
      1920
    ]
  },
  "006.jpg": {
    "K": [
      1871.231046228763,
      0.0,
      540.0,
      0.0,
      0.0,
      1871.231046228763,
      960.0,
      0.0,
      0.0,
      0.0,
      1.0,
      0.0,
      0.0,
      0.0,
      0.0,
      1.0
    ],
    "W2C": [
      -0.4711628916463613,
      -0.0047644939809419525,
      0.8820333492178991,
      -0.11447931166450555,
      0.036571471430045965,
      0.99901997867757,
      0.024932101405794004,
      -0.016825148615522208,
      -0.8812877265756517,
      0.04400433842444436,
      -0.4705268974107075,
      0.8000179416133109,
      0.0,
      0.0,
      0.0,
      1.0
    ],
    "img_size": [
      1080,
      1920
    ]
  },
  "007.jpg": {
    "K": [
      1871.231046228763,
      0.0,
      540.0,
      0.0,
      0.0,
      1871.231046228763,
      960.0,
      0.0,
      0.0,
      0.0,
      1.0,
      0.0,
      0.0,
      0.0,
      0.0,
      1.0
    ],
    "W2C": [
      -0.3531795870392654,
      -0.014993477315045745,
      0.9354353932457212,
      -0.1540579014949469,
      0.020574765235398414,
      0.9995052697089788,
      0.02378854471147079,
      -0.006174595645446785,
      -0.9353292780268787,
      0.027647992006375664,
      -0.3526963711235674,
      0.7965911799905651,
      0.0,
      0.0,
      0.0,
      1.0
    ],
    "img_size": [
      1080,
      1920
    ]
  },
  "008.jpg": {
    "K": [
      1871.231046228763,
      0.0,
      540.0,
      0.0,
      0.0,
      1871.231046228763,
      960.0,
      0.0,
      0.0,
      0.0,
      1.0,
      0.0,
      0.0,
      0.0,
      0.0,
      1.0
    ],
    "W2C": [
      -0.2594112279074222,
      -0.016356423696047985,
      0.9656284390175337,
      -0.17901872394149212,
      0.020354945318558162,
      0.9995418727686233,
      0.02239912460948943,
      -0.0039188046781397185,
      -0.9655524279067615,
      0.025465898493245594,
      -0.2589594504498527,
      0.7945625808452331,
      0.0,
      0.0,
      0.0,
      1.0
    ],
    "img_size": [
      1080,
      1920
    ]
  },
  "009.jpg": {
    "K": [
      1871.231046228763,
      0.0,
      540.0,
      0.0,
      0.0,
      1871.231046228763,
      960.0,
      0.0,
      0.0,
      0.0,
      1.0,
      0.0,
      0.0,
      0.0,
      0.0,
      1.0
    ],
    "W2C": [
      -0.2155749216849091,
      -0.021883178210197383,
      0.9762420702120793,
      -0.1561766688478614,
      0.01696829843248793,
      0.9995139621363874,
      0.026151794254446064,
      -0.00671396227573315,
      -0.9763398639760911,
      0.02220283778803046,
      -0.21509882381200296,
      0.7863345349392521,
      0.0,
      0.0,
      0.0,
      1.0
    ],
    "img_size": [
      1080,
      1920
    ]
  },
  "010.jpg": {
    "K": [
      1871.231046228763,
      0.0,
      540.0,
      0.0,
      0.0,
      1871.231046228763,
      960.0,
      0.0,
      0.0,
      0.0,
      1.0,
      0.0,
      0.0,
      0.0,
      0.0,
      1.0
    ],
    "W2C": [
      -0.1762898222460005,
      -0.013429986388261757,
      0.9842466835291267,
      -0.12389820012405287,
      0.02118286027243235,
      0.9996236020176811,
      0.017433895717123664,
      -0.009233866990188992,
      -0.9841103520455176,
      0.02392257834782947,
      -0.1759389815874806,
      0.7614294920133245,
      0.0,
      0.0,
      0.0,
      1.0
    ],
    "img_size": [
      1080,
      1920
    ]
  },
  "011.jpg": {
    "K": [
      1871.231046228763,
      0.0,
      540.0,
      0.0,
      0.0,
      1871.231046228763,
      960.0,
      0.0,
      0.0,
      0.0,
      1.0,
      0.0,
      0.0,
      0.0,
      0.0,
      1.0
    ],
    "W2C": [
      -0.12031873379768522,
      -0.006333989062315967,
      0.9927151066040452,
      -0.10764617684744184,
      0.023765542035746767,
      0.9996746837357142,
      0.009258817940078934,
      -0.008144271773432512,
      -0.9924508054856265,
      0.02470642184653285,
      -0.12012906147336813,
      0.7448186578853729,
      0.0,
      0.0,
      0.0,
      1.0
    ],
    "img_size": [
      1080,
      1920
    ]
  },
  "012.jpg": {
    "K": [
      1871.231046228763,
      0.0,
      540.0,
      0.0,
      0.0,
      1871.231046228763,
      960.0,
      0.0,
      0.0,
      0.0,
      1.0,
      0.0,
      0.0,
      0.0,
      0.0,
      1.0
    ],
    "W2C": [
      0.03468939472350491,
      -0.006275301878187881,
      0.999378440071655,
      -0.15592023258525203,
      0.025185585269262525,
      0.9996681924068503,
      0.005402905206000151,
      -0.01345950937445417,
      -0.9990807435779959,
      0.02498250740734263,
      0.03483593166947734,
      0.7381193461179045,
      0.0,
      0.0,
      0.0,
      1.0
    ],
    "img_size": [
      1080,
      1920
    ]
  },
  "013.jpg": {
    "K": [
      1871.231046228763,
      0.0,
      540.0,
      0.0,
      0.0,
      1871.231046228763,
      960.0,
      0.0,
      0.0,
      0.0,
      1.0,
      0.0,
      0.0,
      0.0,
      0.0,
      1.0
    ],
    "W2C": [
      0.1323825018730272,
      -0.006932320558466659,
      0.9911744630132038,
      -0.1701753238080456,
      0.029452171196362734,
      0.9995615150956874,
      0.003057311144569249,
      -0.016828659557842827,
      -0.9907610422345332,
      0.02878750547180541,
      0.13252862603623666,
      0.7417275724318033,
      0.0,
      0.0,
      0.0,
      1.0
    ],
    "img_size": [
      1080,
      1920
    ]
  },
  "014.jpg": {
    "K": [
      1871.231046228763,
      0.0,
      540.0,
      0.0,
      0.0,
      1871.231046228763,
      960.0,
      0.0,
      0.0,
      0.0,
      1.0,
      0.0,
      0.0,
      0.0,
      0.0,
      1.0
    ],
    "W2C": [
      0.1867650776899783,
      -0.007099183782806261,
      0.9823789530242769,
      -0.15795800832353657,
      0.027422013796716112,
      0.9996219241514249,
      0.002010451475608149,
      -0.019200685087137032,
      -0.9820218118325017,
      0.02656332707740136,
      0.186889140240384,
      0.7324871214482574,
      0.0,
      0.0,
      0.0,
      1.0
    ],
    "img_size": [
      1080,
      1920
    ]
  },
  "015.jpg": {
    "K": [
      1871.231046228763,
      0.0,
      540.0,
      0.0,
      0.0,
      1871.231046228763,
      960.0,
      0.0,
      0.0,
      0.0,
      1.0,
      0.0,
      0.0,
      0.0,
      0.0,
      1.0
    ],
    "W2C": [
      0.2199782522700384,
      -0.0022652159750701085,
      0.9755021462430546,
      -0.13104717032469487,
      0.02731017241203812,
      0.9996196424886228,
      -0.0038372951076027606,
      -0.01965193984997099,
      -0.9751224143721876,
      0.02748525327342587,
      0.2199564453282775,
      0.7132675537667071,
      0.0,
      0.0,
      0.0,
      1.0
    ],
    "img_size": [
      1080,
      1920
    ]
  },
  "016.jpg": {
    "K": [
      1871.231046228763,
      0.0,
      540.0,
      0.0,
      0.0,
      1871.231046228763,
      960.0,
      0.0,
      0.0,
      0.0,
      1.0,
      0.0,
      0.0,
      0.0,
      0.0,
      1.0
    ],
    "W2C": [
      0.3244576567136974,
      -0.005143767725427166,
      0.9458862355766912,
      -0.149275720956697,
      0.02455076389215866,
      0.9996941280463891,
      -0.002985019578084411,
      -0.019451454654063685,
      -0.9455815612585556,
      0.024190742096035882,
      0.3244846976433174,
      0.6919614198531858,
      0.0,
      0.0,
      0.0,
      1.0
    ],
    "img_size": [
      1080,
      1920
    ]
  },
  "017.jpg": {
    "K": [
      1871.231046228763,
      0.0,
      540.0,
      0.0,
      0.0,
      1871.231046228763,
      960.0,
      0.0,
      0.0,
      0.0,
      1.0,
      0.0,
      0.0,
      0.0,
      0.0,
      1.0
    ],
    "W2C": [
      0.4701539166616395,
      0.0038124708225578674,
      0.8825762061793575,
      -0.19061518910587824,
      0.020296770613505558,
      0.9996795025623506,
      -0.015130540616723637,
      -0.020809256771233856,
      -0.8823510275113774,
      0.02502712973792103,
      0.4699258526902923,
      0.6837941764129806,
      0.0,
      0.0,
      0.0,
      1.0
    ],
    "img_size": [
      1080,
      1920
    ]
  },
  "018.jpg": {
    "K": [
      1871.231046228763,
      0.0,
      540.0,
      0.0,
      0.0,
      1871.231046228763,
      960.0,
      0.0,
      0.0,
      0.0,
      1.0,
      0.0,
      0.0,
      0.0,
      0.0,
      1.0
    ],
    "W2C": [
      0.5384202717631862,
      -0.0019044553032830868,
      0.8426743048203467,
      -0.17668131325413716,
      0.022929501265471244,
      0.9996602880987628,
      -0.012391382893565638,
      -0.025668924359068822,
      -0.8423644394952658,
      0.025993873283833548,
      0.5382810321992876,
      0.6737545063938306,
      0.0,
      0.0,
      0.0,
      1.0
    ],
    "img_size": [
      1080,
      1920
    ]
  },
  "019.jpg": {
    "K": [
      1871.231046228763,
      0.0,
      540.0,
      0.0,
      0.0,
      1871.231046228763,
      960.0,
      0.0,
      0.0,
      0.0,
      1.0,
      0.0,
      0.0,
      0.0,
      0.0,
      1.0
    ],
    "W2C": [
      0.5563656500546886,
      -0.004461009745815893,
      0.8309256060750997,
      -0.14153099788077642,
      0.024007276847679115,
      0.9996544375083748,
      -0.010707764854251883,
      -0.029790795439237384,
      -0.8305907019089384,
      0.025905693618639068,
      0.5562804876503888,
      0.6497108474296134,
      0.0,
      0.0,
      0.0,
      1.0
    ],
    "img_size": [
      1080,
      1920
    ]
  },
  "020.jpg": {
    "K": [
      1871.231046228763,
      0.0,
      540.0,
      0.0,
      0.0,
      1871.231046228763,
      960.0,
      0.0,
      0.0,
      0.0,
      1.0,
      0.0,
      0.0,
      0.0,
      0.0,
      1.0
    ],
    "W2C": [
      0.5934751971044415,
      -0.007442405345395996,
      0.8048178682313903,
      -0.11620997189004373,
      0.023833904226823105,
      0.9996812203580288,
      -0.008330826657007039,
      -0.02632711362823381,
      -0.8044993072906594,
      0.024126090983773076,
      0.5934633908698093,
      0.6188071775890553,
      0.0,
      0.0,
      0.0,
      1.0
    ],
    "img_size": [
      1080,
      1920
    ]
  },
  "021.jpg": {
    "K": [
      1871.231046228763,
      0.0,
      540.0,
      0.0,
      0.0,
      1871.231046228763,
      960.0,
      0.0,
      0.0,
      0.0,
      1.0,
      0.0,
      0.0,
      0.0,
      0.0,
      1.0
    ],
    "W2C": [
      0.6764990198588083,
      -0.015658015986064797,
      0.7362770556424072,
      -0.13147461735722243,
      0.021797747442771485,
      0.9997616400495872,
      0.0012334065757267042,
      -0.023008202931441762,
      -0.736120869379814,
      0.015214782967234067,
      0.6766790790638995,
      0.5993328760042154,
      0.0,
      0.0,
      0.0,
      1.0
    ],
    "img_size": [
      1080,
      1920
    ]
  },
  "022.jpg": {
    "K": [
      1871.231046228763,
      0.0,
      540.0,
      0.0,
      0.0,
      1871.231046228763,
      960.0,
      0.0,
      0.0,
      0.0,
      1.0,
      0.0,
      0.0,
      0.0,
      0.0,
      1.0
    ],
    "W2C": [
      0.7547717743563935,
      -0.007182153571915633,
      0.6559481574827167,
      -0.1364946448775347,
      0.011806652314490228,
      0.9999268220607533,
      -0.0026369460759473203,
      -0.015977742800067755,
      -0.6558812175966212,
      0.009734844300353806,
      0.7548013389034374,
      0.5867884323880306,
      0.0,
      0.0,
      0.0,
      1.0
    ],
    "img_size": [
      1080,
      1920
    ]
  },
  "023.jpg": {
    "K": [
      1871.231046228763,
      0.0,
      540.0,
      0.0,
      0.0,
      1871.231046228763,
      960.0,
      0.0,
      0.0,
      0.0,
      1.0,
      0.0,
      0.0,
      0.0,
      0.0,
      1.0
    ],
    "W2C": [
      0.7862794350950683,
      -0.006769148807754076,
      0.6178339813987241,
      -0.11491675090756688,
      0.013736251152675134,
      0.9998843547627322,
      -0.00652629335729769,
      -0.019502734989286147,
      -0.6177183543904545,
      0.013618212993390817,
      0.7862814883513511,
      0.5705711841570674,
      0.0,
      0.0,
      0.0,
      1.0
    ],
    "img_size": [
      1080,
      1920
    ]
  },
  "024.jpg": {
    "K": [
      1871.231046228763,
      0.0,
      540.0,
      0.0,
      0.0,
      1871.231046228763,
      960.0,
      0.0,
      0.0,
      0.0,
      1.0,
      0.0,
      0.0,
      0.0,
      0.0,
      1.0
    ],
    "W2C": [
      0.8079484044109521,
      -0.0032880541583155285,
      0.5892440619214158,
      -0.08996233215298594,
      0.009872590903600506,
      0.999919603937663,
      -0.00795723632915111,
      -0.01906397244009409,
      -0.5891705251950807,
      0.01224640196138448,
      0.8079159101542396,
      0.5371223201132492,
      0.0,
      0.0,
      0.0,
      1.0
    ],
    "img_size": [
      1080,
      1920
    ]
  },
  "025.jpg": {
    "K": [
      1871.231046228763,
      0.0,
      540.0,
      0.0,
      0.0,
      1871.231046228763,
      960.0,
      0.0,
      0.0,
      0.0,
      1.0,
      0.0,
      0.0,
      0.0,
      0.0,
      1.0
    ],
    "W2C": [
      0.8369017292162491,
      0.001932456388249715,
      0.5473497613474949,
      -0.07499278680170206,
      0.0038783430116690483,
      0.999947728283266,
      -0.009460399390050939,
      -0.01750977685592655,
      -0.5473394322450522,
      0.010040234730470755,
      0.8368504881973963,
      0.5072672792314895,
      0.0,
      0.0,
      0.0,
      1.0
    ],
    "img_size": [
      1080,
      1920
    ]
  },
  "026.jpg": {
    "K": [
      1871.231046228763,
      0.0,
      540.0,
      0.0,
      0.0,
      1871.231046228763,
      960.0,
      0.0,
      0.0,
      0.0,
      1.0,
      0.0,
      0.0,
      0.0,
      0.0,
      1.0
    ],
    "W2C": [
      0.8893033665333845,
      -0.0003589976877032968,
      0.4573176066947883,
      -0.08014857802995547,
      0.00224028453276253,
      0.9999911128087734,
      -0.0035714743011113683,
      -0.015568554850427279,
      -0.4573122602747507,
      0.004200645680304118,
      0.8892962673812747,
      0.4976371376045081,
      0.0,
      0.0,
      0.0,
      1.0
    ],
    "img_size": [
      1080,
      1920
    ]
  },
  "027.jpg": {
    "K": [
      1871.231046228763,
      0.0,
      540.0,
      0.0,
      0.0,
      1871.231046228763,
      960.0,
      0.0,
      0.0,
      0.0,
      1.0,
      0.0,
      0.0,
      0.0,
      0.0,
      1.0
    ],
    "W2C": [
      0.9320906910823868,
      0.004392585992599263,
      0.3621983555813809,
      -0.07829597711272254,
      -0.0011011945713628596,
      0.9999562109773076,
      -0.009293196351239331,
      -0.015485684971738103,
      -0.3622233164334881,
      0.008263250946468209,
      0.9320547128338126,
      0.5063870724962867,
      0.0,
      0.0,
      0.0,
      1.0
    ],
    "img_size": [
      1080,
      1920
    ]
  },
  "028.jpg": {
    "K": [
      1871.231046228763,
      0.0,
      540.0,
      0.0,
      0.0,
      1871.231046228763,
      960.0,
      0.0,
      0.0,
      0.0,
      1.0,
      0.0,
      0.0,
      0.0,
      0.0,
      1.0
    ],
    "W2C": [
      0.9414208528299154,
      0.0041014386258640305,
      0.33720906876623763,
      -0.049977296482604544,
      -0.0006155099561859141,
      0.9999452720957623,
      -0.010443847989412195,
      -0.015576791994038896,
      -0.33723344882216055,
      0.009624500741876627,
      0.9413718553159434,
      0.5123526524111331,
      0.0,
      0.0,
      0.0,
      1.0
    ],
    "img_size": [
      1080,
      1920
    ]
  },
  "029.jpg": {
    "K": [
      1871.231046228763,
      0.0,
      540.0,
      0.0,
      0.0,
      1871.231046228763,
      960.0,
      0.0,
      0.0,
      0.0,
      1.0,
      0.0,
      0.0,
      0.0,
      0.0,
      1.0
    ],
    "W2C": [
      0.953194808145239,
      0.005580540139563781,
      0.302305334548883,
      -0.03367289418809838,
      -0.0021977500482972,
      0.9999311238976051,
      -0.011528978948627516,
      -0.017584579709333793,
      -0.30234885086549707,
      0.010324971313442195,
      0.9531414204343918,
      0.49899944192160967,
      0.0,
      0.0,
      0.0,
      1.0
    ],
    "img_size": [
      1080,
      1920
    ]
  },
  "030.jpg": {
    "K": [
      1871.231046228763,
      0.0,
      540.0,
      0.0,
      0.0,
      1871.231046228763,
      960.0,
      0.0,
      0.0,
      0.0,
      1.0,
      0.0,
      0.0,
      0.0,
      0.0,
      1.0
    ],
    "W2C": [
      0.9662390459541337,
      0.007199800599333122,
      0.25754663450523957,
      -0.022465034820339968,
      -0.0046536615068758485,
      0.9999341041736751,
      -0.010494319652509661,
      -0.017014752713788637,
      -0.25760522026586546,
      0.008941486549756192,
      0.9662088802686792,
      0.4821161948640543,
      0.0,
      0.0,
      0.0,
      1.0
    ],
    "img_size": [
      1080,
      1920
    ]
  },
  "031.jpg": {
    "K": [
      1871.231046228763,
      0.0,
      540.0,
      0.0,
      0.0,
      1871.231046228763,
      960.0,
      0.0,
      0.0,
      0.0,
      1.0,
      0.0,
      0.0,
      0.0,
      0.0,
      1.0
    ],
    "W2C": [
      0.97943850835492,
      -0.00046532972209099323,
      0.20174238974429512,
      -0.02148041422552145,
      0.0006077159921069458,
      0.9999996080721245,
      -0.000643845377572796,
      -0.01209206519394529,
      -0.20174201107543824,
      0.0007532090327545897,
      0.9794384072739798,
      0.47781028436851014,
      0.0,
      0.0,
      0.0,
      1.0
    ],
    "img_size": [
      1080,
      1920
    ]
  },
  "032.jpg": {
    "K": [
      1871.231046228763,
      0.0,
      540.0,
      0.0,
      0.0,
      1871.231046228763,
      960.0,
      0.0,
      0.0,
      0.0,
      1.0,
      0.0,
      0.0,
      0.0,
      0.0,
      1.0
    ],
    "W2C": [
      0.9956111918115803,
      -0.002541610765421921,
      0.09355156307749073,
      -0.035533491713635006,
      0.0022495373648101407,
      0.9999922617673798,
      0.0032273808273325225,
      -0.01017182912670975,
      -0.09355904189958851,
      -0.003002768735251169,
      0.9956092049889623,
      0.48967527997308835,
      0.0,
      0.0,
      0.0,
      1.0
    ],
    "img_size": [
      1080,
      1920
    ]
  },
  "033.jpg": {
    "K": [
      1871.231046228763,
      0.0,
      540.0,
      0.0,
      0.0,
      1871.231046228763,
      960.0,
      0.0,
      0.0,
      0.0,
      1.0,
      0.0,
      0.0,
      0.0,
      0.0,
      1.0
    ],
    "W2C": [
      0.999770371936192,
      0.00112218669921023,
      0.02139962839818808,
      -0.03614192449740351,
      -0.0011522752793545123,
      0.9999983648542237,
      0.0013937541244537454,
      -0.011303536697053848,
      -0.021398029354335657,
      -0.0014180923421833276,
      0.9997700302338831,
      0.5073937743101098,
      0.0,
      0.0,
      0.0,
      1.0
    ],
    "img_size": [
      1080,
      1920
    ]
  },
  "034.jpg": {
    "K": [
      1871.231046228763,
      0.0,
      540.0,
      0.0,
      0.0,
      1871.231046228763,
      960.0,
      0.0,
      0.0,
      0.0,
      1.0,
      0.0,
      0.0,
      0.0,
      0.0,
      1.0
    ],
    "W2C": [
      0.9997602992864162,
      0.00016879077382895498,
      -0.021893274775842932,
      -0.023851224924461085,
      -0.00015798335655587198,
      0.9999998648250908,
      0.0004953696188051762,
      -0.013485500581164704,
      0.021893355430242793,
      -0.0004917921053189731,
      0.9997601908100412,
      0.5147516943946541,
      0.0,
      0.0,
      0.0,
      1.0
    ],
    "img_size": [
      1080,
      1920
    ]
  },
  "035.jpg": {
    "K": [
      1871.231046228763,
      0.0,
      540.0,
      0.0,
      0.0,
      1871.231046228763,
      960.0,
      0.0,
      0.0,
      0.0,
      1.0,
      0.0,
      0.0,
      0.0,
      0.0,
      1.0
    ],
    "W2C": [
      0.9982633563364586,
      0.0028651941453068236,
      -0.058839290090707964,
      -0.0018333352219098145,
      -0.002796651575708142,
      0.9999953115719834,
      0.0012472265295371797,
      -0.015979183943545305,
      0.05884258777308213,
      -0.0010805075481419314,
      0.9982666890002919,
      0.5054938437002356,
      0.0,
      0.0,
      0.0,
      1.0
    ],
    "img_size": [
      1080,
      1920
    ]
  },
  "036.jpg": {
    "K": [
      1871.231046228763,
      0.0,
      540.0,
      0.0,
      0.0,
      1871.231046228763,
      960.0,
      0.0,
      0.0,
      0.0,
      1.0,
      0.0,
      0.0,
      0.0,
      0.0,
      1.0
    ],
    "W2C": [
      0.9935861760379351,
      0.014972501323690308,
      -0.11208182274760643,
      0.01758776495100092,
      -0.014726063422558085,
      0.9998869858163185,
      0.0030263263591615375,
      -0.013473569933153061,
      0.11211446758732158,
      -0.0013563920043449522,
      0.9936943727114197,
      0.49275070331210297,
      0.0,
      0.0,
      0.0,
      1.0
    ],
    "img_size": [
      1080,
      1920
    ]
  },
  "037.jpg": {
    "K": [
      1871.231046228763,
      0.0,
      540.0,
      0.0,
      0.0,
      1871.231046228763,
      960.0,
      0.0,
      0.0,
      0.0,
      1.0,
      0.0,
      0.0,
      0.0,
      0.0,
      1.0
    ],
    "W2C": [
      0.9852508351596605,
      0.01909917562064793,
      -0.17004709144176317,
      0.03477694590673375,
      -0.019133085192255844,
      0.9998159095964672,
      0.001439433505004084,
      -0.016639315357376016,
      0.17004327939738634,
      0.0018353224242885035,
      0.9854348860900863,
      0.4867608131191495,
      0.0,
      0.0,
      0.0,
      1.0
    ],
    "img_size": [
      1080,
      1920
    ]
  },
  "038.jpg": {
    "K": [
      1871.231046228763,
      0.0,
      540.0,
      0.0,
      0.0,
      1871.231046228763,
      960.0,
      0.0,
      0.0,
      0.0,
      1.0,
      0.0,
      0.0,
      0.0,
      0.0,
      1.0
    ],
    "W2C": [
      0.9602782316489298,
      0.014173599501824306,
      -0.2786840987540666,
      0.03055127696822228,
      -0.01482219405766576,
      0.9998901209836011,
      -0.00022027872589354996,
      -0.01891122545817344,
      0.27865035507696995,
      0.004342238657889401,
      0.9603828010636783,
      0.5040350334512995,
      0.0,
      0.0,
      0.0,
      1.0
    ],
    "img_size": [
      1080,
      1920
    ]
  },
  "039.jpg": {
    "K": [
      1871.231046228763,
      0.0,
      540.0,
      0.0,
      0.0,
      1871.231046228763,
      960.0,
      0.0,
      0.0,
      0.0,
      1.0,
      0.0,
      0.0,
      0.0,
      0.0,
      1.0
    ],
    "W2C": [
      0.9260187598815377,
      0.018139761518828852,
      -0.3770413842000629,
      0.03364409272915632,
      -0.02096179037728266,
      0.9997745556365615,
      -0.0033824910783560535,
      -0.021047893667223566,
      0.3768950247637109,
      0.01103571265285185,
      0.9261902360501355,
      0.5290610899206301,
      0.0,
      0.0,
      0.0,
      1.0
    ],
    "img_size": [
      1080,
      1920
    ]
  },
  "040.jpg": {
    "K": [
      1871.231046228763,
      0.0,
      540.0,
      0.0,
      0.0,
      1871.231046228763,
      960.0,
      0.0,
      0.0,
      0.0,
      1.0,
      0.0,
      0.0,
      0.0,
      0.0,
      1.0
    ],
    "W2C": [
      0.8942379331553587,
      0.013283299614506245,
      -0.4473947617679311,
      0.04269908446819584,
      -0.01859105106502103,
      0.9997992298716515,
      -0.007474808917336107,
      -0.024265146503451674,
      0.4472056481377782,
      0.015001796539220406,
      0.8943053473921899,
      0.534629275684677,
      0.0,
      0.0,
      0.0,
      1.0
    ],
    "img_size": [
      1080,
      1920
    ]
  },
  "041.jpg": {
    "K": [
      1871.231046228763,
      0.0,
      540.0,
      0.0,
      0.0,
      1871.231046228763,
      960.0,
      0.0,
      0.0,
      0.0,
      1.0,
      0.0,
      0.0,
      0.0,
      0.0,
      1.0
    ],
    "W2C": [
      0.8701544833173829,
      0.01674541699470914,
      -0.49249443263079784,
      0.06700825390350508,
      -0.02779806589789502,
      0.9994990454575343,
      -0.015130289548250353,
      -0.0339570472622062,
      0.4919943522998963,
      0.026856081976917526,
      0.8701840656814249,
      0.5192725832071042,
      0.0,
      0.0,
      0.0,
      1.0
    ],
    "img_size": [
      1080,
      1920
    ]
  },
  "042.jpg": {
    "K": [
      1871.231046228763,
      0.0,
      540.0,
      0.0,
      0.0,
      1871.231046228763,
      960.0,
      0.0,
      0.0,
      0.0,
      1.0,
      0.0,
      0.0,
      0.0,
      0.0,
      1.0
    ],
    "W2C": [
      0.8414839006109689,
      0.02476346355703383,
      -0.5397143836189738,
      0.07322316695460972,
      -0.04174387491147654,
      0.9989428840608195,
      -0.019250020561731078,
      -0.03672478195852518,
      0.5386671457587928,
      0.038728352106841925,
      0.841628077492169,
      0.5058055139693984,
      0.0,
      0.0,
      0.0,
      1.0
    ],
    "img_size": [
      1080,
      1920
    ]
  },
  "043.jpg": {
    "K": [
      1871.231046228763,
      0.0,
      540.0,
      0.0,
      0.0,
      1871.231046228763,
      960.0,
      0.0,
      0.0,
      0.0,
      1.0,
      0.0,
      0.0,
      0.0,
      0.0,
      1.0
    ],
    "W2C": [
      0.7930182092657699,
      0.0186145723273548,
      -0.6089134728924805,
      0.07882863039259155,
      -0.039926997079721874,
      0.998972119371128,
      -0.021460186936581825,
      -0.038186512894344056,
      0.6078881103271456,
      0.04133040546893815,
      0.7929463051850771,
      0.505107044854863,
      0.0,
      0.0,
      0.0,
      1.0
    ],
    "img_size": [
      1080,
      1920
    ]
  },
  "044.jpg": {
    "K": [
      1871.231046228763,
      0.0,
      540.0,
      0.0,
      0.0,
      1871.231046228763,
      960.0,
      0.0,
      0.0,
      0.0,
      1.0,
      0.0,
      0.0,
      0.0,
      0.0,
      1.0
    ],
    "W2C": [
      0.7186372068468037,
      0.014093778966329388,
      -0.6952423536651606,
      0.07417094897388166,
      -0.04010900481660886,
      0.9989702183437537,
      -0.021207795615155133,
      -0.03855631333796007,
      0.6942275078589475,
      0.04312618991611939,
      0.7184624548821419,
      0.5255609621386025,
      0.0,
      0.0,
      0.0,
      1.0
    ],
    "img_size": [
      1080,
      1920
    ]
  },
  "045.jpg": {
    "K": [
      1871.231046228763,
      0.0,
      540.0,
      0.0,
      0.0,
      1871.231046228763,
      960.0,
      0.0,
      0.0,
      0.0,
      1.0,
      0.0,
      0.0,
      0.0,
      0.0,
      1.0
    ],
    "W2C": [
      0.6584106359553508,
      0.017576702543449084,
      -0.7524536490632293,
      0.07986688637104009,
      -0.04297841892346675,
      0.9989740610431377,
      -0.014271680693618722,
      -0.03474573557665503,
      0.7514308284650751,
      0.041735894511567916,
      0.658490565719517,
      0.5519765110097555,
      0.0,
      0.0,
      0.0,
      1.0
    ],
    "img_size": [
      1080,
      1920
    ]
  },
  "046.jpg": {
    "K": [
      1871.231046228763,
      0.0,
      540.0,
      0.0,
      0.0,
      1871.231046228763,
      960.0,
      0.0,
      0.0,
      0.0,
      1.0,
      0.0,
      0.0,
      0.0,
      0.0,
      1.0
    ],
    "W2C": [
      0.6187905785510359,
      0.017118649419489818,
      -0.785369449201156,
      0.09321107801215331,
      -0.0413245290824678,
      0.9990875949000855,
      -0.010782440024178452,
      -0.03237082977291251,
      0.7844682932997273,
      0.03912709494474811,
      0.6189334109971752,
      0.5565984736494716,
      0.0,
      0.0,
      0.0,
      1.0
    ],
    "img_size": [
      1080,
      1920
    ]
  },
  "047.jpg": {
    "K": [
      1871.231046228763,
      0.0,
      540.0,
      0.0,
      0.0,
      1871.231046228763,
      960.0,
      0.0,
      0.0,
      0.0,
      1.0,
      0.0,
      0.0,
      0.0,
      0.0,
      1.0
    ],
    "W2C": [
      0.590612010840464,
      0.016945865772404364,
      -0.8067777204932025,
      0.12533663004773646,
      -0.042720759653742835,
      0.9990340578112754,
      -0.0102901908507386,
      -0.03527008774327966,
      0.8058240436631258,
      0.04054366740147148,
      0.5907654540408132,
      0.5389887974838369,
      0.0,
      0.0,
      0.0,
      1.0
    ],
    "img_size": [
      1080,
      1920
    ]
  },
  "048.jpg": {
    "K": [
      1871.231046228763,
      0.0,
      540.0,
      0.0,
      0.0,
      1871.231046228763,
      960.0,
      0.0,
      0.0,
      0.0,
      1.0,
      0.0,
      0.0,
      0.0,
      0.0,
      1.0
    ],
    "W2C": [
      0.5651557202962434,
      0.01670421346481267,
      -0.8248151193261167,
      0.15252184194020046,
      -0.044573233172737335,
      0.9989529140590206,
      -0.010310304433895646,
      -0.03313260833272097,
      0.8237792414846122,
      0.042591604166934006,
      0.5653085144887914,
      0.5259569265548962,
      0.0,
      0.0,
      0.0,
      1.0
    ],
    "img_size": [
      1080,
      1920
    ]
  },
  "049.jpg": {
    "K": [
      1871.231046228763,
      0.0,
      540.0,
      0.0,
      0.0,
      1871.231046228763,
      960.0,
      0.0,
      0.0,
      0.0,
      1.0,
      0.0,
      0.0,
      0.0,
      0.0,
      1.0
    ],
    "W2C": [
      0.5324888935255717,
      0.009164259464408327,
      -0.8463873785805064,
      0.17560129033391114,
      -0.04085284116747117,
      0.9990543006648117,
      -0.014884545397458334,
      -0.03055765433165377,
      0.845450544763239,
      0.04250318425262545,
      0.5323597051692862,
      0.5283057561847295,
      0.0,
      0.0,
      0.0,
      1.0
    ],
    "img_size": [
      1080,
      1920
    ]
  },
  "050.jpg": {
    "K": [
      1871.231046228763,
      0.0,
      540.0,
      0.0,
      0.0,
      1871.231046228763,
      960.0,
      0.0,
      0.0,
      0.0,
      1.0,
      0.0,
      0.0,
      0.0,
      0.0,
      1.0
    ],
    "W2C": [
      0.45401111011566625,
      0.012077382509840775,
      -0.8909141646215146,
      0.17477625919422266,
      -0.044723656299107684,
      0.9989565789362524,
      -0.009249214410857416,
      -0.030416862096672832,
      0.8898728597158021,
      0.04404418499291045,
      0.4540775300645592,
      0.5565831090063431,
      0.0,
      0.0,
      0.0,
      1.0
    ],
    "img_size": [
      1080,
      1920
    ]
  },
  "051.jpg": {
    "K": [
      1871.231046228763,
      0.0,
      540.0,
      0.0,
      0.0,
      1871.231046228763,
      960.0,
      0.0,
      0.0,
      0.0,
      1.0,
      0.0,
      0.0,
      0.0,
      0.0,
      1.0
    ],
    "W2C": [
      0.3943637071392276,
      0.014689792610287194,
      -0.9188370238973134,
      0.18324607980082405,
      -0.04801880933505716,
      0.9988356503639866,
      -0.0046408525073246805,
      -0.03037359187415011,
      0.9176990031821157,
      0.0459516436595914,
      0.3946099162508882,
      0.5787197621388467,
      0.0,
      0.0,
      0.0,
      1.0
    ],
    "img_size": [
      1080,
      1920
    ]
  },
  "052.jpg": {
    "K": [
      1871.231046228763,
      0.0,
      540.0,
      0.0,
      0.0,
      1871.231046228763,
      960.0,
      0.0,
      0.0,
      0.0,
      1.0,
      0.0,
      0.0,
      0.0,
      0.0,
      1.0
    ],
    "W2C": [
      0.34841145862419465,
      0.008163915717578516,
      -0.9373061431461533,
      0.2080603690645937,
      -0.04770655694203851,
      0.9988205439249482,
      -0.009033573944265013,
      -0.03303645423616306,
      0.9361268823851269,
      0.04786304956463534,
      0.3483899949227533,
      0.5757210246458564,
      0.0,
      0.0,
      0.0,
      1.0
    ],
    "img_size": [
      1080,
      1920
    ]
  },
  "053.jpg": {
    "K": [
      1871.231046228763,
      0.0,
      540.0,
      0.0,
      0.0,
      1871.231046228763,
      960.0,
      0.0,
      0.0,
      0.0,
      1.0,
      0.0,
      0.0,
      0.0,
      0.0,
      1.0
    ],
    "W2C": [
      0.29521932921888794,
      0.014849561493957242,
      -0.9553141044593592,
      0.23478306667120963,
      -0.053998723848926955,
      0.9985403241912225,
      -0.001165670097284735,
      -0.034766603732969914,
      0.9539023458815045,
      0.0519298708598968,
      0.29559026207613354,
      0.5630662745577953,
      0.0,
      0.0,
      0.0,
      1.0
    ],
    "img_size": [
      1080,
      1920
    ]
  },
  "054.jpg": {
    "K": [
      1871.231046228763,
      0.0,
      540.0,
      0.0,
      0.0,
      1871.231046228763,
      960.0,
      0.0,
      0.0,
      0.0,
      1.0,
      0.0,
      0.0,
      0.0,
      0.0,
      1.0
    ],
    "W2C": [
      0.22211620568799603,
      0.017271346120619143,
      -0.9748672175091078,
      0.24325396706166452,
      -0.05819476052387111,
      0.9982954322144704,
      0.00442717373649406,
      -0.0350059320163048,
      0.9732819535049116,
      0.05574881723324348,
      0.2227426954105505,
      0.5664551395088284,
      0.0,
      0.0,
      0.0,
      1.0
    ],
    "img_size": [
      1080,
      1920
    ]
  },
  "055.jpg": {
    "K": [
      1871.231046228763,
      0.0,
      540.0,
      0.0,
      0.0,
      1871.231046228763,
      960.0,
      0.0,
      0.0,
      0.0,
      1.0,
      0.0,
      0.0,
      0.0,
      0.0,
      1.0
    ],
    "W2C": [
      0.1335345997633409,
      0.00825659034665924,
      -0.9910097574604863,
      0.23760167582368305,
      -0.056712199304056264,
      0.9983903390031204,
      0.000676339657000563,
      -0.034693134308227666,
      0.9894201519658582,
      0.056112028131961915,
      0.13378790372367955,
      0.5888893751458409,
      0.0,
      0.0,
      0.0,
      1.0
    ],
    "img_size": [
      1080,
      1920
    ]
  },
  "056.jpg": {
    "K": [
      1871.231046228763,
      0.0,
      540.0,
      0.0,
      0.0,
      1871.231046228763,
      960.0,
      0.0,
      0.0,
      0.0,
      1.0,
      0.0,
      0.0,
      0.0,
      0.0,
      1.0
    ],
    "W2C": [
      0.029676471857478987,
      0.00919768693597604,
      -0.9995172382571099,
      0.22524432545510725,
      -0.06346698496275437,
      0.9979572471854882,
      0.0072989457937670185,
      -0.03861843012749591,
      0.9975426050238806,
      0.06321973857103978,
      0.03019959961952507,
      0.6327398366065442,
      0.0,
      0.0,
      0.0,
      1.0
    ],
    "img_size": [
      1080,
      1920
    ]
  },
  "057.jpg": {
    "K": [
      1871.231046228763,
      0.0,
      540.0,
      0.0,
      0.0,
      1871.231046228763,
      960.0,
      0.0,
      0.0,
      0.0,
      1.0,
      0.0,
      0.0,
      0.0,
      0.0,
      1.0
    ],
    "W2C": [
      -0.03819741005641227,
      0.015443354829644177,
      -0.9991508698172606,
      0.22576887357122036,
      -0.06898113223429872,
      0.9974545836832089,
      0.018054276087137017,
      -0.04300601178499513,
      0.9968864334820975,
      0.06961218485985107,
      -0.03703488164395063,
      0.6609539602722551,
      0.0,
      0.0,
      0.0,
      1.0
    ],
    "img_size": [
      1080,
      1920
    ]
  },
  "058.jpg": {
    "K": [
      1871.231046228763,
      0.0,
      540.0,
      0.0,
      0.0,
      1871.231046228763,
      960.0,
      0.0,
      0.0,
      0.0,
      1.0,
      0.0,
      0.0,
      0.0,
      0.0,
      1.0
    ],
    "W2C": [
      -0.08983249728626404,
      0.01471295436667625,
      -0.9958482070100431,
      0.2311855407360634,
      -0.07030232998972558,
      0.9973030510715104,
      0.021076212218325067,
      -0.04634486812148021,
      0.9934725486037999,
      0.07190377804580401,
      -0.08855586865595441,
      0.6639641447409305,
      0.0,
      0.0,
      0.0,
      1.0
    ],
    "img_size": [
      1080,
      1920
    ]
  },
  "059.jpg": {
    "K": [
      1871.231046228763,
      0.0,
      540.0,
      0.0,
      0.0,
      1871.231046228763,
      960.0,
      0.0,
      0.0,
      0.0,
      1.0,
      0.0,
      0.0,
      0.0,
      0.0,
      1.0
    ],
    "W2C": [
      -0.14102504687168915,
      0.019354054743256376,
      -0.9898168298831019,
      0.23649540194020077,
      -0.06988730804774626,
      0.997119962437808,
      0.029454111459418,
