{
  "001.jpg": {
    "K": [
      1871.231046228763,
      0.0,
      540.0,
      0.0,
      0.0,
      1871.231046228763,
      960.0,
      0.0,
      0.0,
      0.0,
      1.0,
      0.0,
      0.0,
      0.0,
      0.0,
      1.0
    ],
    "W2C": [
      -0.5841990823713661,
      -0.010181721726003833,
      0.8115465265153613,
      -0.9544564136780216,
      0.04314158733041426,
      0.9981180958342697,
      0.043578322716505524,
      -0.16214266061753546,
      -0.8104629760816134,
      0.060469821488622594,
      -0.5826604200476192,
      5.478754453078961,
      0.0,
      0.0,
      0.0,
      1.0
    ],
    "img_size": [
      1080,
      1920
    ]
  },
  "002.jpg": {
    "K": [
      1871.231046228763,
      0.0,
      540.0,
      0.0,
      0.0,
      1871.231046228763,
      960.0,
      0.0,
      0.0,
      0.0,
      1.0,
      0.0,
      0.0,
      0.0,
      0.0,
      1.0
    ],
    "W2C": [
      -0.5712247787799057,
      -0.008973636713157599,
      0.820744616766987,
      -0.9896140408060983,
      0.04558629234771463,
      0.9980499792895635,
      0.04263952145710384,
      -0.19064791168736606,
      -0.8195267793414909,
      0.06177145525436804,
      -0.5697018038043421,
      5.437152823933653,
      0.0,
      0.0,
      0.0,
      1.0
    ],
    "img_size": [
      1080,
      1920
    ]
  },
  "003.jpg": {
    "K": [
      1871.231046228763,
      0.0,
      540.0,
      0.0,
      0.0,
      1871.231046228763,
      960.0,
      0.0,
      0.0,
      0.0,
      1.0,
      0.0,
      0.0,
      0.0,
      0.0,
      1.0
    ],
    "W2C": [
      -0.5448362016225572,
      -0.013961960246233387,
      0.8384262502257351,
      -1.0481966964037104,
      0.048348392255327874,
      0.9976749677468991,
      0.04803219438615159,
      -0.24794385617198011,
      -0.8371475057406725,
      0.06670623956802466,
      -0.5428944015504896,
      5.329134604650401,
      0.0,
      0.0,
      0.0,
      1.0
    ],
    "img_size": [
      1080,
      1920
    ]
  },
  "004.jpg": {
    "K": [
      1871.231046228763,
      0.0,
      540.0,
      0.0,
      0.0,
      1871.231046228763,
      960.0,
      0.0,
      0.0,
      0.0,
      1.0,
      0.0,
      0.0,
      0.0,
      0.0,
      1.0
    ],
    "W2C": [
      -0.5400709918992287,
      -0.013945670848510476,
      0.8415039167903903,
      -0.8721600567642374,
      0.048024989064913,
      0.997722880756647,
      0.04735666415587636,
      -0.2634817202794771,
      -0.8402481324789114,
      0.06598917698564276,
      -0.5381714451607956,
      5.205074590286377,
      0.0,
      0.0,
      0.0,
      1.0
    ],
    "img_size": [
      1080,
      1920
    ]
  },
  "005.jpg": {
    "K": [
      1871.231046228763,
      0.0,
      540.0,
      0.0,
      0.0,
      1871.231046228763,
      960.0,
      0.0,
      0.0,
      0.0,
      1.0,
      0.0,
      0.0,
      0.0,
      0.0,
      1.0
    ],
    "W2C": [
      -0.5176236282780307,
      -0.007880134627444916,
      0.8555721377689556,
      -0.7727157308714938,
      0.04920148256803776,
      0.9980287524746704,
      0.03895925239221453,
      -0.20156143113224992,
      -0.8541925974634728,
      0.062261647200395696,
      -0.5162155496752293,
      5.025752182155658,
      0.0,
      0.0,
      0.0,
      1.0
    ],
    "img_size": [
      1080,
      1920
    ]
  },
  "006.jpg": {
    "K": [
      1871.231046228763,
      0.0,
      540.0,
      0.0,
      0.0,
      1871.231046228763,
      960.0,
      0.0,
      0.0,
      0.0,
      1.0,
      0.0,
      0.0,
      0.0,
      0.0,
      1.0
    ],
    "W2C": [
      -0.4711628916463613,
      -0.004764493980941951,
      0.8820333492178993,
      -0.7507271474029964,
      0.03657147143004596,
      0.99901997867757,
      0.024932101405794,
      -0.10548208409211628,
      -0.8812877265756516,
      0.044004338424444366,
      -0.4705268974107075,
      4.908088700780342,
      0.0,
      0.0,
      0.0,
      1.0
    ],
    "img_size": [
      1080,
      1920
    ]
  },
  "007.jpg": {
    "K": [
      1871.231046228763,
      0.0,
      540.0,
      0.0,
      0.0,
      1871.231046228763,
      960.0,
      0.0,
      0.0,
      0.0,
      1.0,
      0.0,
      0.0,
      0.0,
      0.0,
      1.0
    ],
    "W2C": [
      -0.35317958703926533,
      -0.014993477315045748,
      0.9354353932457213,
      -1.0090429892466641,
      0.020574765235398414,
      0.9995052697089789,
      0.02378854471147079,
      -0.04037331125858135,
      -0.9353292780268787,
      0.027647992006375664,
      -0.3526963711235674,
      4.876295731736444,
      0.0,
      0.0,
      0.0,
      1.0
    ],
    "img_size": [
      1080,
      1920
    ]
  },
  "008.jpg": {
    "K": [
      1871.231046228763,
      0.0,
      540.0,
      0.0,
      0.0,
      1871.231046228763,
      960.0,
      0.0,
      0.0,
      0.0,
      1.0,
      0.0,
      0.0,
      0.0,
      0.0,
      1.0
    ],
    "W2C": [
      -0.25941122790742216,
      -0.016356423696047992,
      0.9656284390175337,
      -1.174117435860009,
      0.020354945318558165,
      0.9995418727686234,
      0.022399124609489434,
      -0.026845542968949136,
      -0.9655524279067614,
      0.025465898493245587,
      -0.2589594504498527,
      4.8533243244241815,
      0.0,
      0.0,
      0.0,
      1.0
    ],
    "img_size": [
      1080,
      1920
    ]
  },
  "009.jpg": {
    "K": [
      1871.231046228763,
      0.0,
      540.0,
      0.0,
      0.0,
      1871.231046228763,
      960.0,
      0.0,
      0.0,
      0.0,
      1.0,
      0.0,
      0.0,
      0.0,
      0.0,
      1.0
    ],
    "W2C": [
      -0.2155749216849091,
      -0.021883178210197377,
      0.9762420702120793,
      -1.047723392086165,
      0.016968298432487927,
      0.9995139621363873,
      0.02615179425444606,
      -0.04342050371064793,
      -0.976339863976091,
      0.022202837788030456,
      -0.21509882381200296,
      4.799276782401749,
      0.0,
      0.0,
      0.0,
      1.0
    ],
    "img_size": [
      1080,
      1920
    ]
  },
  "010.jpg": {
    "K": [
      1871.231046228763,
      0.0,
      540.0,
      0.0,
      0.0,
      1871.231046228763,
      960.0,
      0.0,
      0.0,
      0.0,
      1.0,
      0.0,
      0.0,
      0.0,
      0.0,
      1.0
    ],
    "W2C": [
      -0.1762898222460005,
      -0.013429986388261761,
      0.9842466835291267,
      -0.8647101152326745,
      0.021182860272432345,
      0.9996236020176812,
      0.017433895717123664,
      -0.05741632366767889,
      -0.9841103520455176,
      0.023922578347829467,
      -0.1759389815874806,
      4.6474831404233,
      0.0,
      0.0,
      0.0,
      1.0
    ],
    "img_size": [
      1080,
      1920
    ]
  },
  "011.jpg": {
    "K": [
      1871.231046228763,
      0.0,
      540.0,
      0.0,
      0.0,
      1871.231046228763,
      960.0,
      0.0,
      0.0,
      0.0,
      1.0,
      0.0,
      0.0,
      0.0,
      0.0,
      1.0
    ],
    "W2C": [
      -0.12031873379768526,
      -0.0063339890623159666,
      0.992715106604045,
      -0.7784176457436536,
      0.023765542035746767,
      0.999674683735714,
      0.009258817940078932,
      -0.050037076725596964,
      -0.9924508054856266,
      0.024706421846532853,
      -0.12012906147336815,
      4.541835799827355,
      0.0,
      0.0,
      0.0,
      1.0
    ],
    "img_size": [
      1080,
      1920
    ]
  },
  "012.jpg": {
    "K": [
      1871.231046228763,
      0.0,
      540.0,
      0.0,
      0.0,
      1871.231046228763,
      960.0,
      0.0,
      0.0,
      0.0,
      1.0,
      0.0,
      0.0,
      0.0,
      0.0,
      1.0
    ],
    "W2C": [
      0.03468939472350491,
      -0.0062753018781878805,
      0.999378440071655,
      -1.085469746161452,
      0.025185585269262532,
      0.9996681924068505,
      0.005402905206000152,
      -0.08087448408286042,
      -0.999080743577996,
      0.024982507407342626,
      0.03483593166947735,
      4.478040261328807,
      0.0,
      0.0,
      0.0,
      1.0
    ],
    "img_size": [
      1080,
      1920
    ]
  },
  "013.jpg": {
    "K": [
      1871.231046228763,
      0.0,
      540.0,
      0.0,
      0.0,
      1871.231046228763,
      960.0,
      0.0,
      0.0,
      0.0,
      1.0,
      0.0,
      0.0,
      0.0,
      0.0,
      1.0
    ],
    "W2C": [
      0.13238250187302722,
      -0.00693232055846666,
      0.9911744630132039,
      -1.1818481983173506,
      0.029452171196362734,
      0.9995615150956874,
      0.0030573111445692473,
      -0.10091541852103648,
      -0.9907610422345333,
      0.028787505471805412,
      0.13252862603623672,
      4.482126809385602,
      0.0,
      0.0,
      0.0,
      1.0
    ],
    "img_size": [
      1080,
      1920
    ]
  },
  "014.jpg": {
    "K": [
      1871.231046228763,
      0.0,
      540.0,
      0.0,
      0.0,
      1871.231046228763,
      960.0,
      0.0,
      0.0,
      0.0,
      1.0,
      0.0,
      0.0,
      0.0,
      0.0,
      1.0
    ],
    "W2C": [
      0.18676507768997827,
      -0.007099183782806261,
      0.982378953024277,
      -1.1162620770963831,
      0.027422013796716112,
      0.999621924151425,
      0.0020104514756081487,
      -0.11440913159614653,
      -0.9820218118325017,
      0.026563327077401357,
      0.186889140240384,
      4.417639452003668,
      0.0,
      0.0,
      0.0,
      1.0
    ],
    "img_size": [
      1080,
      1920
    ]
  },
  "015.jpg": {
    "K": [
      1871.231046228763,
      0.0,
      540.0,
      0.0,
      0.0,
      1871.231046228763,
      960.0,
      0.0,
      0.0,
      0.0,
      1.0,
      0.0,
      0.0,
      0.0,
      0.0,
      1.0
    ],
    "W2C": [
      0.2199782522700384,
      -0.0022652159750701072,
      0.9755021462430545,
      -0.9615389966887435,
      0.02731017241203812,
      0.9996196424886229,
      -0.0038372951076027615,
      -0.11609187768146507,
      -0.9751224143721876,
      0.027485253273425866,
      0.2199564453282775,
      4.298201575787863,
      0.0,
      0.0,
      0.0,
      1.0
    ],
    "img_size": [
      1080,
      1920
    ]
  },
  "016.jpg": {
    "K": [
      1871.231046228763,
      0.0,
      540.0,
      0.0,
      0.0,
      1871.231046228763,
      960.0,
      0.0,
      0.0,
      0.0,
      1.0,
      0.0,
      0.0,
      0.0,
      0.0,
      1.0
    ],
    "W2C": [
      0.3244576567136975,
      -0.005143767725427165,
      0.945886235576691,
      -1.0787601167014473,
      0.02455076389215866,
      0.999694128046389,
      -0.0029850195780844104,
      -0.11466005343446876,
      -0.9455815612585559,
      0.024190742096035882,
      0.32448469764331744,
      4.151584512220421,
      0.0,
      0.0,
      0.0,
      1.0
    ],
    "img_size": [
      1080,
      1920
    ]
  },
  "017.jpg": {
    "K": [
      1871.231046228763,
      0.0,
      540.0,
      0.0,
      0.0,
      1871.231046228763,
      960.0,
      0.0,
      0.0,
      0.0,
      1.0,
      0.0,
      0.0,
      0.0,
      0.0,
      1.0
    ],
    "W2C": [
      0.47015391666163947,
      0.003812470822557863,
      0.8825762061793575,
      -1.332237142347152,
      0.020296770613505554,
      0.9996795025623506,
      -0.015130540616723637,
      -0.1200582489935648,
      -0.8823510275113774,
      0.025027129737921032,
      0.46992585269029236,
      4.0707981026532,
      0.0,
      0.0,
      0.0,
      1.0
    ],
    "img_size": [
      1080,
      1920
    ]
  },
  "018.jpg": {
    "K": [
      1871.231046228763,
      0.0,
      540.0,
      0.0,
      0.0,
      1871.231046228763,
      960.0,
      0.0,
      0.0,
      0.0,
      1.0,
      0.0,
      0.0,
      0.0,
      0.0,
      1.0
    ],
    "W2C": [
      0.5384202717631862,
      -0.0019044553032830903,
      0.8426743048203467,
      -1.2534547912938812,
      0.022929501265471247,
      0.999660288098763,
      -0.01239138289356564,
      -0.14946594591268983,
      -0.8423644394952658,
      0.02599387328383355,
      0.5382810321992876,
      3.9948963333154612,
      0.0,
      0.0,
      0.0,
      1.0
    ],
    "img_size": [
      1080,
      1920
    ]
  },
  "019.jpg": {
    "K": [
      1871.231046228763,
      0.0,
      540.0,
      0.0,
      0.0,
      1871.231046228763,
      960.0,
      0.0,
      0.0,
      0.0,
      1.0,
      0.0,
      0.0,
      0.0,
      0.0,
      1.0
    ],
    "W2C": [
      0.5563656500546885,
      -0.004461009745815895,
      0.8309256060750997,
      -1.0473214981292986,
      0.024007276847679115,
      0.9996544375083748,
      -0.010707764854251884,
      -0.17414042221503617,
      -0.8305907019089384,
      0.02590569361863907,
      0.556280487650389,
      3.8488497864434112,
      0.0,
      0.0,
      0.0,
      1.0
    ],
    "img_size": [
      1080,
      1920
    ]
  },
  "020.jpg": {
    "K": [
      1871.231046228763,
      0.0,
      540.0,
      0.0,
      0.0,
      1871.231046228763,
      960.0,
      0.0,
      0.0,
      0.0,
      1.0,
      0.0,
      0.0,
      0.0,
      0.0,
      1.0
    ],
    "W2C": [
      0.5934751971044416,
      -0.0074424053453959966,
      0.8048178682313901,
      -0.8993814138882402,
      0.023833904226823112,
      0.9996812203580289,
      -0.008330826657007039,
      -0.15412964898066592,
      -0.8044993072906595,
      0.02412609098377308,
      0.5934633908698093,
      3.6572780750061917,
      0.0,
      0.0,
      0.0,
      1.0
    ],
    "img_size": [
      1080,
      1920
    ]
  },
  "021.jpg": {
    "K": [
      1871.231046228763,
      0.0,
      540.0,
      0.0,
      0.0,
      1871.231046228763,
      960.0,
      0.0,
      0.0,
      0.0,
      1.0,
      0.0,
      0.0,
      0.0,
      0.0,
      1.0
    ],
    "W2C": [
      0.6764990198588083,
      -0.015658015986064797,
      0.736277055642407,
      -0.9897752648826919,
      0.021797747442771485,
      0.9997616400495871,
      0.001233406575726706,
      -0.135880749661668,
      -0.736120869379814,
      0.015214782967234067,
      0.6766790790638995,
      3.5193929936182475,
      0.0,
      0.0,
      0.0,
      1.0
    ],
    "img_size": [
      1080,
      1920
    ]
  },
  "022.jpg": {
    "K": [
      1871.231046228763,
      0.0,
      540.0,
      0.0,
      0.0,
      1871.231046228763,
      960.0,
      0.0,
      0.0,
      0.0,
      1.0,
      0.0,
      0.0,
      0.0,
      0.0,
      1.0
    ],
    "W2C": [
      0.7547717743563935,
      -0.007182153571915631,
      0.6559481574827167,
      -1.017259553540708,
      0.011806652314490228,
      0.9999268220607535,
      -0.0026369460759473216,
      -0.09247411845148376,
      -0.6558812175966212,
      0.009734844300353806,
      0.7548013389034375,
      3.421430526921222,
      0.0,
      0.0,
      0.0,
      1.0
    ],
    "img_size": [
      1080,
      1920
    ]
  },
  "023.jpg": {
    "K": [
      1871.231046228763,
      0.0,
      540.0,
      0.0,
      0.0,
      1871.231046228763,
      960.0,
      0.0,
      0.0,
      0.0,
      1.0,
      0.0,
      0.0,
      0.0,
      0.0,
      1.0
    ],
    "W2C": [
      0.7862794350950683,
      -0.00676914880775408,
      0.6178339813987241,
      -0.8885710742616515,
      0.013736251152675134,
      0.9998843547627322,
      -0.006526293357297691,
      -0.11284761113914216,
      -0.6177183543904545,
      0.013618212993390815,
      0.786281488351351,
      3.3154842159748443,
      0.0,
      0.0,
      0.0,
      1.0
    ],
    "img_size": [
      1080,
      1920
    ]
  },
  "024.jpg": {
    "K": [
      1871.231046228763,
      0.0,
      540.0,
      0.0,
      0.0,
      1871.231046228763,
      960.0,
      0.0,
      0.0,
      0.0,
      1.0,
      0.0,
      0.0,
      0.0,
      0.0,
      1.0
    ],
    "W2C": [
      0.807948404410952,
      -0.0032880541583155303,
      0.5892440619214158,
      -0.7401727236749353,
      0.009872590903600506,
      0.999919603937663,
      -0.00795723632915111,
      -0.10948435516303537,
      -0.5891705251950808,
      0.01224640196138448,
      0.8079159101542395,
      3.111134725705976,
      0.0,
      0.0,
      0.0,
      1.0
    ],
    "img_size": [
      1080,
      1920
    ]
  },
  "025.jpg": {
    "K": [
      1871.231046228763,
      0.0,
      540.0,
      0.0,
      0.0,
      1871.231046228763,
      960.0,
      0.0,
      0.0,
      0.0,
      1.0,
      0.0,
      0.0,
      0.0,
      0.0,
      1.0
    ],
    "W2C": [
      0.836901729216249,
      0.0019324563882497162,
      0.547349761347495,
      -0.6493632837655581,
      0.0038783430116690488,
      0.999947728283266,
      -0.00946039939005094,
      -0.099245577875593,
      -0.5473394322450521,
      0.010040234730470759,
      0.8368504881973965,
      2.924844766865334,
      0.0,
      0.0,
      0.0,
      1.0
    ],
    "img_size": [
      1080,
      1920
    ]
  },
  "026.jpg": {
    "K": [
      1871.231046228763,
      0.0,
      540.0,
      0.0,
      0.0,
      1871.231046228763,
      960.0,
      0.0,
      0.0,
      0.0,
      1.0,
      0.0,
      0.0,
      0.0,
      0.0,
      1.0
    ],
    "W2C": [
      0.8893033665333846,
      -0.00035899768770329677,
      0.4573176066947884,
      -0.6724183623906771,
      0.00224028453276253,
      0.9999911128087734,
      -0.0035714743011113674,
      -0.08855659408478113,
      -0.4573122602747506,
      0.004200645680304118,
      0.8892962673812747,
      2.846832170735656,
      0.0,
      0.0,
      0.0,
      1.0
    ],
    "img_size": [
      1080,
      1920
    ]
  },
  "027.jpg": {
    "K": [
      1871.231046228763,
      0.0,
      540.0,
      0.0,
      0.0,
      1871.231046228763,
      960.0,
      0.0,
      0.0,
      0.0,
      1.0,
      0.0,
      0.0,
      0.0,
      0.0,
      1.0
    ],
    "W2C": [
      0.9320906910823868,
      0.004392585992599264,
      0.3621983555813809,
      -0.6520322475245477,
      -0.0011011945713628596,
      0.9999562109773076,
      -0.009293196351239331,
      -0.086659784984411,
      -0.36222331643348804,
      0.00826325094646821,
      0.9320547128338127,
      2.877830128231757,
      0.0,
      0.0,
      0.0,
      1.0
    ],
    "img_size": [
      1080,
      1920
    ]
  },
  "028.jpg": {
    "K": [
      1871.231046228763,
      0.0,
      540.0,
      0.0,
      0.0,
      1871.231046228763,
      960.0,
      0.0,
      0.0,
      0.0,
      1.0,
      0.0,
      0.0,
      0.0,
      0.0,
      1.0
    ],
    "W2C": [
      0.9414208528299155,
      0.0041014386258640305,
      0.33720906876623763,
      -0.4826919869424018,
      -0.0006155099561859148,
      0.9999452720957623,
      -0.010443847989412195,
      -0.08707658776944228,
      -0.3372334488221605,
      0.009624500741876625,
      0.9413718553159433,
      2.907856214412817,
      0.0,
      0.0,
      0.0,
      1.0
    ],
    "img_size": [
      1080,
      1920
    ]
  },
  "029.jpg": {
    "K": [
      1871.231046228763,
      0.0,
      540.0,
      0.0,
      0.0,
      1871.231046228763,
      960.0,
      0.0,
      0.0,
      0.0,
      1.0,
      0.0,
      0.0,
      0.0,
      0.0,
      1.0
    ],
    "W2C": [
      0.9531948081452389,
      0.005580540139563782,
      0.30230533454888303,
      -0.38274538360861626,
      -0.0021977500482971996,
      0.9999311238976051,
      -0.011528978948627517,
      -0.09848524007512878,
      -0.30234885086549707,
      0.010324971313442195,
      0.9531414204343919,
      2.8224353999197414,
      0.0,
      0.0,
      0.0,
      1.0
    ],
    "img_size": [
      1080,
      1920
    ]
  },
  "030.jpg": {
    "K": [
      1871.231046228763,
      0.0,
      540.0,
      0.0,
      0.0,
      1871.231046228763,
      960.0,
      0.0,
      0.0,
      0.0,
      1.0,
      0.0,
      0.0,
      0.0,
      0.0,
      1.0
    ],
    "W2C": [
      0.9662390459541336,
      0.007199800599333122,
      0.2575466345052396,
      -0.31134752867932963,
      -0.0046536615068758485,
      0.9999341041736751,
      -0.010494319652509663,
      -0.09495389450813281,
      -0.2576052202658655,
      0.008941486549756194,
      0.9662088802686793,
      2.7146326204119795,
      0.0,
      0.0,
      0.0,
      1.0
    ],
    "img_size": [
      1080,
      1920
    ]
  },
  "031.jpg": {
    "K": [
      1871.231046228763,
      0.0,
      540.0,
      0.0,
      0.0,
      1871.231046228763,
      960.0,
      0.0,
      0.0,
      0.0,
      1.0,
      0.0,
      0.0,
      0.0,
      0.0,
      1.0
    ],
    "W2C": [
      0.97943850835492,
      -0.0004653297220909931,
      0.20174238974429506,
      -0.29832861715886005,
      0.0006077159921069461,
      0.9999996080721245,
      -0.0006438453775727959,
      -0.06835346174881798,
      -0.20174201107543824,
      0.00075320903275459,
      0.9794384072739799,
      2.6791909385698545,
      0.0,
      0.0,
      0.0,
      1.0
    ],
    "img_size": [
      1080,
      1920
    ]
  },
  "032.jpg": {
    "K": [
      1871.231046228763,
      0.0,
      540.0,
      0.0,
      0.0,
      1871.231046228763,
      960.0,
      0.0,
      0.0,
      0.0,
      1.0,
      0.0,
      0.0,
      0.0,
      0.0,
      1.0
    ],
    "W2C": [
      0.9956111918115803,
      -0.002541610765421921,
      0.09355156307749071,
      -0.365610616755891,
      0.00224953736481014,
      0.9999922617673798,
      0.0032273808273325225,
      -0.05792372890373799,
      -0.0935590418995885,
      -0.003002768735251169,
      0.9956092049889623,
      2.7309788255316225,
      0.0,
      0.0,
      0.0,
      1.0
    ],
    "img_size": [
      1080,
      1920
    ]
  },
  "033.jpg": {
    "K": [
      1871.231046228763,
      0.0,
      540.0,
      0.0,
      0.0,
      1871.231046228763,
      960.0,
      0.0,
      0.0,
      0.0,
      1.0,
      0.0,
      0.0,
      0.0,
      0.0,
      1.0
    ],
    "W2C": [
      0.999770371936192,
      0.00112218669921023,
      0.02139962839818808,
      -0.35797635447213827,
      -0.0011522752793545125,
      0.9999983648542237,
      0.0013937541244537454,
      -0.06379834200051811,
      -0.02139802935433566,
      -0.0014180923421833276,
      0.9997700302338832,
      2.824288907312976,
      0.0,
      0.0,
      0.0,
      1.0
    ],
    "img_size": [
      1080,
      1920
    ]
  },
  "034.jpg": {
    "K": [
      1871.231046228763,
      0.0,
      540.0,
      0.0,
      0.0,
      1871.231046228763,
      960.0,
      0.0,
      0.0,
      0.0,
      1.0,
      0.0,
      0.0,
      0.0,
      0.0,
      1.0
    ],
    "W2C": [
      0.9997602992864162,
      0.00016879077382895498,
      -0.021893274775842932,
      -0.27860293320104035,
      -0.00015798335655587198,
      0.9999998648250908,
      0.0004953696188051761,
      -0.07662768902470761,
      0.021893355430242793,
      -0.000491792105318973,
      0.9997601908100413,
      2.861431304988392,
      0.0,
      0.0,
      0.0,
      1.0
    ],
    "img_size": [
      1080,
      1920
    ]
  },
  "035.jpg": {
    "K": [
      1871.231046228763,
      0.0,
      540.0,
      0.0,
      0.0,
      1871.231046228763,
      960.0,
      0.0,
      0.0,
      0.0,
      1.0,
      0.0,
      0.0,
      0.0,
      0.0,
      1.0
    ],
    "W2C": [
      0.9982633563364586,
      0.002865194145306823,
      -0.058839290090707964,
      -0.1428270524951273,
      -0.002796651575708141,
      0.9999953115719833,
      0.0012472265295371797,
      -0.09104486451893709,
      0.05884258777308212,
      -0.0010805075481419312,
      0.9982666890002919,
      2.8019721853189132,
      0.0,
      0.0,
      0.0,
      1.0
    ],
    "img_size": [
      1080,
      1920
    ]
  },
  "036.jpg": {
    "K": [
      1871.231046228763,
      0.0,
      540.0,
      0.0,
      0.0,
      1871.231046228763,
      960.0,
      0.0,
      0.0,
      0.0,
      1.0,
      0.0,
      0.0,
      0.0,
      0.0,
      1.0
    ],
    "W2C": [
      0.993586176037935,
      0.014972501323690308,
      -0.11208182274760645,
      -0.01918543364426835,
      -0.01472606342255808,
      0.9998869858163185,
      0.0030263263591615375,
      -0.07490408956975504,
      0.11211446758732155,
      -0.0013563920043449527,
      0.9936943727114198,
      2.720199030628777,
      0.0,
      0.0,
      0.0,
      1.0
    ],
    "img_size": [
      1080,
      1920
    ]
  },
  "037.jpg": {
    "K": [
      1871.231046228763,
      0.0,
      540.0,
      0.0,
      0.0,
      1871.231046228763,
      960.0,
      0.0,
      0.0,
      0.0,
      1.0,
      0.0,
      0.0,
      0.0,
      0.0,
      1.0
    ],
    "W2C": [
      0.9852508351596605,
      0.01909917562064793,
      -0.17004709144176322,
      0.09259632428301273,
      -0.019133085192255848,
      0.999815909596467,
      0.001439433505004085,
      -0.09264152738570271,
      0.1700432793973864,
      0.001835322424288504,
      0.9854348860900863,
      2.678102256132797,
      0.0,
      0.0,
      0.0,
      1.0
    ],
    "img_size": [
      1080,
      1920
    ]
  },
  "038.jpg": {
    "K": [
      1871.231046228763,
      0.0,
      540.0,
      0.0,
      0.0,
      1871.231046228763,
      960.0,
      0.0,
      0.0,
      0.0,
      1.0,
      0.0,
      0.0,
      0.0,
      0.0,
      1.0
    ],
    "W2C": [
      0.9602782316489298,
      0.014173599501824303,
      -0.2786840987540666,
      0.08902683428203666,
      -0.014822194057665754,
      0.999890120983601,
      -0.0002202787258935497,
      -0.10634600217237818,
      0.27865035507696984,
      0.004342238657889399,
      0.9603828010636783,
      2.7684042055434217,
      0.0,
      0.0,
      0.0,
      1.0
    ],
    "img_size": [
      1080,
      1920
    ]
  },
  "039.jpg": {
    "K": [
      1871.231046228763,
      0.0,
      540.0,
      0.0,
      0.0,
      1871.231046228763,
      960.0,
      0.0,
      0.0,
      0.0,
      1.0,
      0.0,
      0.0,
      0.0,
      0.0,
      1.0
    ],
    "W2C": [
      0.9260187598815377,
      0.018139761518828852,
      -0.37704138420006295,
      0.12816949374520165,
      -0.020961790377282664,
      0.9997745556365615,
      -0.0033824910783560526,
      -0.11752679566733178,
      0.37689502476371095,
      0.01103571265285185,
      0.9261902360501354,
      2.9072813764883456,
      0.0,
      0.0,
      0.0,
      1.0
    ],
    "img_size": [
      1080,
      1920
    ]
  },
  "040.jpg": {
    "K": [
      1871.231046228763,
      0.0,
      540.0,
      0.0,
      0.0,
      1871.231046228763,
      960.0,
      0.0,
      0.0,
      0.0,
      1.0,
      0.0,
      0.0,
      0.0,
      0.0,
      1.0
    ],
    "W2C": [
      0.8942379331553587,
      0.013283299614506243,
      -0.44739476176793114,
      0.19743040284362498,
      -0.018591051065021034,
      0.9997992298716515,
      -0.007474808917336105,
      -0.1361192987061568,
      0.4472056481377783,
      0.01500179653922041,
      0.89430534739219,
      2.9352799400292247,
      0.0,
      0.0,
      0.0,
      1.0
    ],
    "img_size": [
      1080,
      1920
    ]
  },
  "041.jpg": {
    "K": [
      1871.231046228763,
      0.0,
      540.0,
      0.0,
      0.0,
      1871.231046228763,
      960.0,
      0.0,
      0.0,
      0.0,
      1.0,
      0.0,
      0.0,
      0.0,
      0.0,
      1.0
    ],
    "W2C": [
      0.8701544833173829,
      0.01674541699470914,
      -0.4924944326307979,
      0.3512246097565759,
      -0.027798065897895026,
      0.9994990454575343,
      -0.015130289548250355,
      -0.1905734267785966,
      0.49199435229989635,
      0.02685608197691753,
      0.8701840656814249,
      2.8425656034423654,
      0.0,
      0.0,
      0.0,
      1.0
    ],
    "img_size": [
      1080,
      1920
    ]
  },
  "042.jpg": {
    "K": [
      1871.231046228763,
      0.0,
      540.0,
      0.0,
      0.0,
      1871.231046228763,
      960.0,
      0.0,
      0.0,
      0.0,
      1.0,
      0.0,
      0.0,
      0.0,
      0.0,
      1.0
    ],
    "W2C": [
      0.8414839006109689,
      0.024763463557033828,
      -0.5397143836189738,
      0.39959205355753996,
      -0.04174387491147654,
      0.9989428840608197,
      -0.019250020561731078,
      -0.204203269524753,
      0.5386671457587927,
      0.03872835210684192,
      0.841628077492169,
      2.761424239531704,
      0.0,
      0.0,
      0.0,
      1.0
    ],
    "img_size": [
      1080,
      1920
    ]
  },
  "043.jpg": {
    "K": [
      1871.231046228763,
      0.0,
      540.0,
      0.0,
      0.0,
      1871.231046228763,
      960.0,
      0.0,
      0.0,
      0.0,
      1.0,
      0.0,
      0.0,
      0.0,
      0.0,
      1.0
    ],
    "W2C": [
      0.7930182092657699,
      0.018614572327354806,
      -0.6089134728924804,
      0.4507371956994516,
      -0.039926997079721874,
      0.998972119371128,
      -0.021460186936581825,
      -0.21269819553254002,
      0.6078881103271455,
      0.04133040546893815,
      0.7929463051850772,
      2.755456476003719,
      0.0,
      0.0,
      0.0,
      1.0
    ],
    "img_size": [
      1080,
      1920
    ]
  },
  "044.jpg": {
    "K": [
      1871.231046228763,
      0.0,
      540.0,
      0.0,
      0.0,
      1871.231046228763,
      960.0,
      0.0,
      0.0,
      0.0,
      1.0,
      0.0,
      0.0,
      0.0,
      0.0,
      1.0
    ],
    "W2C": [
      0.7186372068468039,
      0.014093778966329393,
      -0.6952423536651605,
      0.4479930163833809,
      -0.04010900481660887,
      0.9989702183437537,
      -0.021207795615155126,
      -0.21488892341810173,
      0.6942275078589476,
      0.043126189916119384,
      0.7184624548821417,
      2.875700437347864,
      0.0,
      0.0,
      0.0,
      1.0
    ],
    "img_size": [
      1080,
      1920
    ]
  },
  "045.jpg": {
    "K": [
      1871.231046228763,
      0.0,
      540.0,
      0.0,
      0.0,
      1871.231046228763,
      960.0,
      0.0,
      0.0,
      0.0,
      1.0,
      0.0,
      0.0,
      0.0,
      0.0,
      1.0
    ],
    "W2C": [
      0.6584106359553509,
      0.01757670254344909,
      -0.7524536490632294,
      0.49940651984636647,
      -0.04297841892346676,
      0.9989740610431376,
      -0.014271680693618727,
      -0.19320024989040346,
      0.7514308284650753,
      0.04173589451156792,
      0.6584905657195171,
      3.0327668708449225,
      0.0,
      0.0,
      0.0,
      1.0
    ],
    "img_size": [
      1080,
      1920
    ]
  },
  "046.jpg": {
    "K": [
      1871.231046228763,
      0.0,
      540.0,
      0.0,
      0.0,
      1871.231046228763,
      960.0,
      0.0,
      0.0,
      0.0,
      1.0,
      0.0,
      0.0,
      0.0,
      0.0,
      1.0
    ],
    "W2C": [
      0.6187905785510359,
      0.017118649419489814,
      -0.785369449201156,
      0.5889033897446608,
      -0.041324529082467795,
      0.9990875949000857,
      -0.010782440024178448,
      -0.1800349302581817,
      0.7844682932997273,
      0.03912709494474811,
      0.6189334109971751,
      3.061724937491527,
      0.0,
      0.0,
      0.0,
      1.0
    ],
    "img_size": [
      1080,
      1920
    ]
  },
  "047.jpg": {
    "K": [
      1871.231046228763,
      0.0,
      540.0,
      0.0,
      0.0,
      1871.231046228763,
      960.0,
      0.0,
      0.0,
      0.0,
      1.0,
      0.0,
      0.0,
      0.0,
      0.0,
      1.0
    ],
    "W2C": [
      0.590612010840464,
      0.016945865772404357,
      -0.8067777204932023,
      0.7853750591326122,
      -0.042720759653742835,
      0.9990340578112754,
      -0.0102901908507386,
      -0.19697186172382616,
      0.8058240436631257,
      0.04054366740147147,
      0.5907654540408132,
      2.9597158823783554,
      0.0,
      0.0,
      0.0,
      1.0
    ],
    "img_size": [
      1080,
      1920
    ]
  },
  "048.jpg": {
    "K": [
      1871.231046228763,
      0.0,
      540.0,
      0.0,
      0.0,
      1871.231046228763,
      960.0,
      0.0,
      0.0,
      0.0,
      1.0,
      0.0,
      0.0,
      0.0,
      0.0,
      1.0
    ],
    "W2C": [
      0.5651557202962433,
      0.01670421346481267,
      -0.8248151193261167,
      0.9518483865211372,
      -0.04457323317273733,
      0.9989529140590206,
      -0.010310304433895643,
      -0.18413248846090352,
      0.8237792414846122,
      0.042591604166934006,
      0.5653085144887914,
      2.8846763165884006,
      0.0,
      0.0,
      0.0,
      1.0
    ],
    "img_size": [
      1080,
      1920
    ]
  },
  "049.jpg": {
    "K": [
      1871.231046228763,
      0.0,
      540.0,
      0.0,
      0.0,
      1871.231046228763,
      960.0,
      0.0,
      0.0,
      0.0,
      1.0,
      0.0,
      0.0,
      0.0,
      0.0,
      1.0
    ],
    "W2C": [
      0.5324888935255717,
      0.009164259464408325,
      -0.8463873785805064,
      1.095751086042728,
      -0.04085284116747118,
      0.9990543006648118,
      -0.01488454539745834,
      -0.1687657164864558,
      0.8454505447632391,
      0.042503184252625455,
      0.5323597051692863,
      2.900802825111126,
      0.0,
      0.0,
      0.0,
      1.0
    ],
    "img_size": [
      1080,
      1920
    ]
  },
  "050.jpg": {
    "K": [
      1871.231046228763,
      0.0,
      540.0,
      0.0,
      0.0,
      1871.231046228763,
      960.0,
      0.0,
      0.0,
      0.0,
      1.0,
      0.0,
      0.0,
      0.0,
      0.0,
      1.0
    ],
    "W2C": [
      0.4540111101156663,
      0.012077382509840782,
      -0.8909141646215146,
      1.109321149874319,
      -0.044723656299107684,
      0.9989565789362524,
      -0.009249214410857418,
      -0.1683095808398627,
      0.8898728597158021,
      0.044044184992910455,
      0.4540775300645592,
      3.073635811804988,
      0.0,
      0.0,
      0.0,
      1.0
    ],
    "img_size": [
      1080,
      1920
    ]
  },
  "051.jpg": {
    "K": [
      1871.231046228763,
      0.0,
      540.0,
      0.0,
      0.0,
      1871.231046228763,
      960.0,
      0.0,
      0.0,
      0.0,
      1.0,
      0.0,
      0.0,
      0.0,
      0.0,
      1.0
    ],
    "W2C": [
      0.39436370713922764,
      0.014689792610287192,
      -0.9188370238973134,
      1.1721797582251023,
      -0.04801880933505717,
      0.9988356503639868,
      -0.004640852507324685,
      -0.16834100242132438,
      0.9176990031821157,
      0.0459516436595914,
      0.3946099162508882,
      3.209627969814908,
      0.0,
      0.0,
      0.0,
      1.0
    ],
    "img_size": [
      1080,
      1920
    ]
  },
  "052.jpg": {
    "K": [
      1871.231046228763,
      0.0,
      540.0,
      0.0,
      0.0,
      1871.231046228763,
      960.0,
      0.0,
      0.0,
      0.0,
      1.0,
      0.0,
      0.0,
      0.0,
      0.0,
      1.0
    ],
    "W2C": [
      0.34841145862419465,
      0.008163915717578518,
      -0.9373061431461533,
      1.3276683845673534,
      -0.04770655694203851,
      0.9988205439249482,
      -0.009033573944265013,
      -0.18333126164091681,
      0.9361268823851268,
      0.04786304956463535,
      0.3483899949227533,
      3.1969331825725575,
      0.0,
      0.0,
      0.0,
      1.0
    ],
    "img_size": [
      1080,
      1920
    ]
  },
  "053.jpg": {
    "K": [
      1871.231046228763,
      0.0,
      540.0,
      0.0,
      0.0,
      1871.231046228763,
      960.0,
      0.0,
      0.0,
      0.0,
      1.0,
      0.0,
      0.0,
      0.0,
      0.0,
      1.0
    ],
    "W2C": [
      0.29521932921888794,
      0.014849561493957244,
      -0.955314104459359,
      1.4953714456323572,
      -0.05399872384892696,
      0.9985403241912226,
      -0.001165670097284735,
      -0.1939024710331743,
      0.9539023458815045,
      0.05192987085989681,
      0.2955902620761335,
      3.1286123025001173,
      0.0,
      0.0,
      0.0,
      1.0
    ],
    "img_size": [
      1080,
      1920
    ]
  },
  "054.jpg": {
    "K": [
      1871.231046228763,
      0.0,
      540.0,
      0.0,
      0.0,
      1871.231046228763,
      960.0,
      0.0,
      0.0,
      0.0,
      1.0,
      0.0,
      0.0,
      0.0,
      0.0,
      1.0
    ],
    "W2C": [
      0.2221162056879961,
      0.01727134612061914,
      -0.9748672175091075,
      1.5587773847025426,
      -0.05819476052387113,
      0.9982954322144704,
      0.004427173736494063,
      -0.19562964740446334,
      0.9732819535049118,
      0.055748817233243486,
      0.2227426954105505,
      3.1577142273471464,
      0.0,
      0.0,
      0.0,
      1.0
    ],
    "img_size": [
      1080,
      1920
    ]
  },
  "055.jpg": {
    "K": [
      1871.231046228763,
      0.0,
      540.0,
      0.0,
      0.0,
      1871.231046228763,
      960.0,
      0.0,
      0.0,
      0.0,
      1.0,
      0.0,
      0.0,
      0.0,
      0.0,
      1.0
    ],
    "W2C": [
      0.1335345997633409,
      0.008256590346659237,
      -0.9910097574604863,
      1.5407132907884975,
      -0.05671219930405624,
      0.9983903390031204,
      0.0006763396570005662,
      -0.1933867110940633,
      0.989420151965858,
      0.056112028131961894,
      0.13378790372367952,
      3.3019310607981787,
      0.0,
      0.0,
      0.0,
      1.0
    ],
    "img_size": [
      1080,
      1920
    ]
  },
  "056.jpg": {
    "K": [
      1871.231046228763,
      0.0,
      540.0,
      0.0,
      0.0,
      1871.231046228763,
      960.0,
      0.0,
      0.0,
      0.0,
      1.0,
      0.0,
      0.0,
      0.0,
      0.0,
      1.0
    ],
    "W2C": [
      0.029676471857478993,
      0.009197686935976042,
      -0.99951723825711,
      1.4841550883464698,
      -0.06346698496275438,
      0.9979572471854883,
      0.007298945793767016,
      -0.21660177631721453,
      0.9975426050238807,
      0.0632197385710398,
      0.030199599619525078,
      3.5756738099922787,
      0.0,
      0.0,
      0.0,
      1.0
    ],
    "img_size": [
      1080,
      1920
    ]
  },
  "057.jpg": {
    "K": [
      1871.231046228763,
      0.0,
      540.0,
      0.0,
      0.0,
      1871.231046228763,
      960.0,
      0.0,
      0.0,
      0.0,
      1.0,
      0.0,
      0.0,
      0.0,
      0.0,
      1.0
    ],
    "W2C": [
      -0.03819741005641228,
      0.01544335482964418,
      -0.9991508698172604,
      1.4968302943813132,
      -0.06898113223429872,
      0.9974545836832089,
      0.018054276087137014,
      -0.2433879330139192,
      0.9968864334820975,
      0.06961218485985107,
      -0.03703488164395063,
      3.7527397540204035,
      0.0,
      0.0,
      0.0,
      1.0
    ],
    "img_size": [
      1080,
      1920
    ]
  },
  "058.jpg": {
    "K": [
      1871.231046228763,
      0.0,
      540.0,
      0.0,
      0.0,
      1871.231046228763,
      960.0,
      0.0,
      0.0,
      0.0,
      1.0,
      0.0,
      0.0,
      0.0,
      0.0,
      1.0
    ],
    "W2C": [
      -0.08983249728626404,
      0.014712954366676249,
      -0.9958482070100431,
      1.5354789885291293,
      -0.0703023299897256,
      0.9973030510715105,
      0.021076212218325074,
      -0.2633351414599635,
      0.9934725486037997,
      0.07190377804580403,
      -0.08855586865595441,
      3.779358774667495,
      0.0,
      0.0,
      0.0,
      1.0
    ],
    "img_size": [
      1080,
      1920
    ]
  },
  "059.jpg": {
    "K": [
      1871.231046228763,
      0.0,
      540.0,
      0.0,
      0.0,
      1871.231046228763,
      960.0,
      0.0,
      0.0,
      0.0,
      1.0,
      0.0,
      0.0,
      0.0,
      0.0,
      1.0
    ],
    "W2C": [
      -0.14102504687168912,
      0.019354054743256372,
      -0.9898168298831018,
      1.5730054050513163,
      -0.06988730804774626,
      0.9971199624378081,
      0.029454111459418005,
      -0.2616442162667942,
      0.9875361767189481,
      0.07332940115001235,
      -0.13926628665367383,
      3.77025310995136,
      0.0,
