{
  "001.jpg": {
    "K": [
      1891.6382569917375,
      0.0,
      540.0,
      0.0,
      0.0,
      1891.6382569917375,
      960.0,
      0.0,
      0.0,
      0.0,
      1.0,
      0.0,
      0.0,
      0.0,
      0.0,
      1.0
    ],
    "W2C": [
      0.7567613229877718,
      0.11807672025777323,
      -0.6429387126025038,
      0.585125833892517,
      -0.04026245126496113,
      0.9901029410013957,
      0.1344436731070797,
      -0.11842820656172166,
      0.6524501782112825,
      -0.07585548334533396,
      0.7540256697212047,
      0.54745357217118,
      0.0,
      0.0,
      0.0,
      1.0
    ],
    "img_size": [
      1080,
      1920
    ]
  },
  "002.jpg": {
    "K": [
      1891.6382569917375,
      0.0,
      540.0,
      0.0,
      0.0,
      1891.6382569917375,
      960.0,
      0.0,
      0.0,
      0.0,
      1.0,
      0.0,
      0.0,
      0.0,
      0.0,
      1.0
    ],
    "W2C": [
      0.7784202466260479,
      0.112020350314387,
      -0.6176676782527033,
      0.5827874464631466,
      -0.04352185706717705,
      0.9912120933305112,
      0.12491770888376981,
      -0.12716786661292864,
      0.6262329978530892,
      -0.07035642934933566,
      0.7764548958240558,
      0.5417829405474991,
      0.0,
      0.0,
      0.0,
      1.0
    ],
    "img_size": [
      1080,
      1920
    ]
  },
  "003.jpg": {
    "K": [
      1891.6382569917375,
      0.0,
      540.0,
      0.0,
      0.0,
      1891.6382569917375,
      960.0,
      0.0,
      0.0,
      0.0,
      1.0,
      0.0,
      0.0,
      0.0,
      0.0,
      1.0
    ],
    "W2C": [
      0.7976388130900519,
      0.1066258554870014,
      -0.5936356212306997,
      0.5776304254578498,
      -0.0491449113869435,
      0.9924664203582722,
      0.1122282591240163,
      -0.14217674442986505,
      0.6011298541389063,
      -0.0603434454013272,
      0.7968698557857701,
      0.5345152100852052,
      0.0,
      0.0,
      0.0,
      1.0
    ],
    "img_size": [
      1080,
      1920
    ]
  },
  "004.jpg": {
    "K": [
      1891.6382569917375,
      0.0,
      540.0,
      0.0,
      0.0,
      1891.6382569917375,
      960.0,
      0.0,
      0.0,
      0.0,
      1.0,
      0.0,
      0.0,
      0.0,
      0.0,
      1.0
    ],
    "W2C": [
      0.8148678508357579,
      0.10328035949773452,
      -0.5703714167245163,
      0.5700269378051914,
      -0.054627466133670054,
      0.9933019745525948,
      0.1018185999399476,
      -0.15139824419623818,
      0.5770669160661765,
      -0.051810758457439016,
      0.8150517895753234,
      0.5402078741646182,
      0.0,
      0.0,
      0.0,
      1.0
    ],
    "img_size": [
      1080,
      1920
    ]
  },
  "005.jpg": {
    "K": [
      1891.6382569917375,
      0.0,
      540.0,
      0.0,
      0.0,
      1891.6382569917375,
      960.0,
      0.0,
      0.0,
      0.0,
      1.0,
      0.0,
      0.0,
      0.0,
      0.0,
      1.0
    ],
    "W2C": [
      0.830036290196247,
      0.09967235428449794,
      -0.5487305155981737,
      0.5734845164493657,
      -0.05867330774602518,
      0.9940466220653441,
      0.09180825735531528,
      -0.1556721521768147,
      0.5546144606079002,
      -0.04400835093326146,
      0.830942877177934,
      0.5421400106483864,
      0.0,
      0.0,
      0.0,
      1.0
    ],
    "img_size": [
      1080,
      1920
    ]
  },
  "006.jpg": {
    "K": [
      1891.6382569917375,
      0.0,
      540.0,
      0.0,
      0.0,
      1891.6382569917375,
      960.0,
      0.0,
      0.0,
      0.0,
      1.0,
      0.0,
      0.0,
      0.0,
      0.0,
      1.0
    ],
    "W2C": [
      0.8469669803371623,
      0.09304335908211585,
      -0.5234404145165574,
      0.5675946942363183,
      -0.06088953849980353,
      0.9950645176446548,
      0.07835221647082946,
      -0.15996174452416254,
      0.5281471369986113,
      -0.03448969491496305,
      0.8484521569451298,
      0.5325684715754824,
      0.0,
      0.0,
      0.0,
      1.0
    ],
    "img_size": [
      1080,
      1920
    ]
  },
  "007.jpg": {
    "K": [
      1891.6382569917375,
      0.0,
      540.0,
      0.0,
      0.0,
      1891.6382569917375,
      960.0,
      0.0,
      0.0,
      0.0,
      1.0,
      0.0,
      0.0,
      0.0,
      0.0,
      1.0
    ],
    "W2C": [
      0.8650476217583434,
      0.08687504899653496,
      -0.4941106535504814,
      0.5500709930506114,
      -0.06384366178803322,
      0.99594802978434,
      0.06333647304821273,
      -0.16977048683733761,
      0.49761089109838574,
      -0.02324323192977685,
      0.8670888958058045,
      0.518862189145128,
      0.0,
      0.0,
      0.0,
      1.0
    ],
    "img_size": [
      1080,
      1920
    ]
  },
  "008.jpg": {
    "K": [
      1891.6382569917375,
      0.0,
      540.0,
      0.0,
      0.0,
      1891.6382569917375,
      960.0,
      0.0,
      0.0,
      0.0,
      1.0,
      0.0,
      0.0,
      0.0,
      0.0,
      1.0
    ],
    "W2C": [
      0.882675371408885,
      0.08270015617292327,
      -0.46264983829799594,
      0.5243827950127248,
      -0.06794865383429435,
      0.9965096530486969,
      0.04849218311102675,
      -0.17538835131185845,
      0.46504534096181943,
      -0.011366422028950409,
      0.8852138924011335,
      0.49381791261503916,
      0.0,
      0.0,
      0.0,
      1.0
    ],
    "img_size": [
      1080,
      1920
    ]
  },
  "009.jpg": {
    "K": [
      1891.6382569917375,
      0.0,
      540.0,
      0.0,
      0.0,
      1891.6382569917375,
      960.0,
      0.0,
      0.0,
      0.0,
      1.0,
      0.0,
      0.0,
      0.0,
      0.0,
      1.0
    ],
    "W2C": [
      0.9053305692900356,
      0.07243910491485045,
      -0.4184843323090074,
      0.5004695253975158,
      -0.06436232370109624,
      0.9973673531679541,
      0.03340440274192849,
      -0.1659938866466449,
      0.4198023958921336,
      -0.0033074028912342805,
      0.9076095027539869,
      0.46063212201642767,
      0.0,
      0.0,
      0.0,
      1.0
    ],
    "img_size": [
      1080,
      1920
    ]
  },
  "010.jpg": {
    "K": [
      1891.6382569917375,
      0.0,
      540.0,
      0.0,
      0.0,
      1891.6382569917375,
      960.0,
      0.0,
      0.0,
      0.0,
      1.0,
      0.0,
      0.0,
      0.0,
      0.0,
      1.0
    ],
    "W2C": [
      0.9233978657192167,
      0.06665242197011445,
      -0.3780130106632752,
      0.4696429028067305,
      -0.06141849633803753,
      0.9977760100454183,
      0.02589984720842882,
      -0.16222555718983697,
      0.37889860106995665,
      -0.0006988729235640738,
      0.9254379296764679,
      0.435756691702161,
      0.0,
      0.0,
      0.0,
      1.0
    ],
    "img_size": [
      1080,
      1920
    ]
  },
  "011.jpg": {
    "K": [
      1891.6382569917375,
      0.0,
      540.0,
      0.0,
      0.0,
      1891.6382569917375,
      960.0,
      0.0,
      0.0,
      0.0,
      1.0,
      0.0,
      0.0,
      0.0,
      0.0,
      1.0
    ],
    "W2C": [
      0.9394565902407856,
      0.062445468060034336,
      -0.3369300796484633,
      0.45505974798476195,
      -0.059634862842605794,
      0.9980451724323993,
      0.018695371569613397,
      -0.1557487698017228,
      0.33743888066863326,
      0.002529289059310832,
      0.9413440415225215,
      0.40735146715983833,
      0.0,
      0.0,
      0.0,
      1.0
    ],
    "img_size": [
      1080,
      1920
    ]
  },
  "012.jpg": {
    "K": [
      1891.6382569917375,
      0.0,
      540.0,
      0.0,
      0.0,
      1891.6382569917375,
      960.0,
      0.0,
      0.0,
      0.0,
      1.0,
      0.0,
      0.0,
      0.0,
      0.0,
      1.0
    ],
    "W2C": [
      0.953616279482912,
      0.056748550476545416,
      -0.2956274573242132,
      0.4499057074612229,
      -0.05574250173711266,
      0.9983750077564552,
      0.011837119049248949,
      -0.14429703135187394,
      0.29581880434694563,
      0.0051909446258920685,
      0.9552299665989518,
      0.38435880100675895,
      0.0,
      0.0,
      0.0,
      1.0
    ],
    "img_size": [
      1080,
      1920
    ]
  },
  "013.jpg": {
    "K": [
      1891.6382569917375,
      0.0,
      540.0,
      0.0,
      0.0,
      1891.6382569917375,
      960.0,
      0.0,
      0.0,
      0.0,
      1.0,
      0.0,
      0.0,
      0.0,
      0.0,
      1.0
    ],
    "W2C": [
      0.9659165401056208,
      0.05100120484863139,
      -0.2537796576843281,
      0.4389027619089077,
      -0.05110465704036921,
      0.998674123552158,
      0.0061894245383019375,
      -0.13421346998077685,
      0.2537588453220361,
      0.006990854834498444,
      0.9672422531969486,
      0.3622938834351771,
      0.0,
      0.0,
      0.0,
      1.0
    ],
    "img_size": [
      1080,
      1920
    ]
  },
  "014.jpg": {
    "K": [
      1891.6382569917375,
      0.0,
      540.0,
      0.0,
      0.0,
      1891.6382569917375,
      960.0,
      0.0,
      0.0,
      0.0,
      1.0,
      0.0,
      0.0,
      0.0,
      0.0,
      1.0
    ],
    "W2C": [
      0.976636739118694,
      0.04601301671463466,
      -0.2099130346034348,
      0.40657176624247576,
      -0.04736417840658447,
      0.9988766903940207,
      -0.001411379239233017,
      -0.1288038338550771,
      0.209612295458719,
      0.011320763238688981,
      0.9777190424207869,
      0.3377961499243058,
      0.0,
      0.0,
      0.0,
      1.0
    ],
    "img_size": [
      1080,
      1920
    ]
  },
  "015.jpg": {
    "K": [
      1891.6382569917375,
      0.0,
      540.0,
      0.0,
      0.0,
      1891.6382569917375,
      960.0,
      0.0,
      0.0,
      0.0,
      1.0,
      0.0,
      0.0,
      0.0,
      0.0,
      1.0
    ],
    "W2C": [
      0.98625479184919,
      0.042012083088174425,
      -0.15980134676874003,
      0.36354709384407713,
      -0.042719668121128956,
      0.999086604277728,
      -0.0009935333004566522,
      -0.1100693733173813,
      0.1596136444986185,
      0.007806537477707132,
      0.987148693187849,
      0.3232472235355842,
      0.0,
      0.0,
      0.0,
      1.0
    ],
    "img_size": [
      1080,
      1920
    ]
  },
  "016.jpg": {
    "K": [
      1891.6382569917375,
      0.0,
      540.0,
      0.0,
      0.0,
      1891.6382569917375,
      960.0,
      0.0,
      0.0,
      0.0,
      1.0,
      0.0,
      0.0,
      0.0,
      0.0,
      1.0
    ],
    "W2C": [
      0.9932438193499835,
      0.03330692207972345,
      -0.11116368230961343,
      0.3295267609128924,
      -0.033749699042615953,
      0.9994281035253558,
      -0.0021032589577622256,
      -0.096495730808735,
      0.11103005510937244,
      0.005840789782708243,
      0.9937998853074618,
      0.3102558839553656,
      0.0,
      0.0,
      0.0,
      1.0
    ],
    "img_size": [
      1080,
      1920
    ]
  },
  "017.jpg": {
    "K": [
      1891.6382569917375,
      0.0,
      540.0,
      0.0,
      0.0,
      1891.6382569917375,
      960.0,
      0.0,
      0.0,
      0.0,
      1.0,
      0.0,
      0.0,
      0.0,
      0.0,
      1.0
    ],
    "W2C": [
      0.9975261600930329,
      0.023055287299842245,
      -0.0664079336944829,
      0.29987147491520183,
      -0.02328785146419053,
      0.9997250738027854,
      -0.002729978790572569,
      -0.08894227854985703,
      0.06632673596846828,
      0.004269723356016207,
      0.9977888221253195,
      0.29516810641483865,
      0.0,
      0.0,
      0.0,
      1.0
    ],
    "img_size": [
      1080,
      1920
    ]
  },
  "018.jpg": {
    "K": [
      1891.6382569917375,
      0.0,
      540.0,
      0.0,
      0.0,
      1891.6382569917375,
      960.0,
      0.0,
      0.0,
      0.0,
      1.0,
      0.0,
      0.0,
      0.0,
      0.0,
      1.0
    ],
    "W2C": [
      0.9996161350169108,
      0.011902253551424885,
      -0.02501837273387832,
      0.2760721815925348,
      -0.011979659917681422,
      0.9999239004106765,
      -0.002946376716671584,
      -0.0808947898682281,
      0.02498140032324788,
      0.0032449573028687203,
      0.9996826495893546,
      0.2822558270296533,
      0.0,
      0.0,
      0.0,
      1.0
    ],
    "img_size": [
      1080,
      1920
    ]
  },
  "019.jpg": {
    "K": [
      1891.6382569917375,
      0.0,
      540.0,
      0.0,
      0.0,
      1891.6382569917375,
      960.0,
      0.0,
      0.0,
      0.0,
      1.0,
      0.0,
      0.0,
      0.0,
      0.0,
      1.0
    ],
    "W2C": [
      0.9998551260717424,
      7.473376755458737e-05,
      0.017021200983613788,
      0.2625115963118112,
      -4.360947883431496e-06,
      0.999991453234995,
      -0.004134421113680811,
      -0.07323121233037899,
      -0.01702136448827536,
      0.004133747915282598,
      0.9998465808708507,
      0.268658024836811,
      0.0,
      0.0,
      0.0,
      1.0
    ],
    "img_size": [
      1080,
      1920
    ]
  },
  "020.jpg": {
    "K": [
      1891.6382569917375,
      0.0,
      540.0,
      0.0,
      0.0,
      1891.6382569917375,
      960.0,
      0.0,
      0.0,
      0.0,
      1.0,
      0.0,
      0.0,
      0.0,
      0.0,
      1.0
    ],
    "W2C": [
      0.9983435700810123,
      -0.010544818582888625,
      0.05655902119868692,
      0.2484846575832026,
      0.010862916927942787,
      0.9999268463273374,
      -0.00531968323138377,
      -0.07154365666070285,
      -0.05649878860397065,
      0.0059252674977268585,
      0.9983850850705677,
      0.26386748006793564,
      0.0,
      0.0,
      0.0,
      1.0
    ],
    "img_size": [
      1080,
      1920
    ]
  },
  "021.jpg": {
    "K": [
      1891.6382569917375,
      0.0,
      540.0,
      0.0,
      0.0,
      1891.6382569917375,
      960.0,
      0.0,
      0.0,
      0.0,
      1.0,
      0.0,
      0.0,
      0.0,
      0.0,
      1.0
    ],
    "W2C": [
      0.9955234415259059,
      -0.020133245282322302,
      0.09234570811260406,
      0.23196590957916238,
      0.020638236991968987,
      0.9997768064296144,
      -0.004516691185467244,
      -0.07107538572685987,
      -0.09223416149279913,
      0.00640232456248519,
      0.9957167617821431,
      0.2765711768434007,
      0.0,
      0.0,
      0.0,
      1.0
    ],
    "img_size": [
      1080,
      1920
    ]
  },
  "022.jpg": {
    "K": [
      1891.6382569917375,
      0.0,
      540.0,
      0.0,
      0.0,
      1891.6382569917375,
      960.0,
      0.0,
      0.0,
      0.0,
      1.0,
      0.0,
      0.0,
      0.0,
      0.0,
      1.0
    ],
    "W2C": [
      0.9920049492553513,
      -0.029435583377078,
      0.12271807969545026,
      0.21062115778823282,
      0.0301799661158562,
      0.9995356108669838,
      -0.004210968298533611,
      -0.07262731679753419,
      -0.12253713844436535,
      0.007880928880314355,
      0.9924326378459397,
      0.2864966143875919,
      0.0,
      0.0,
      0.0,
      1.0
    ],
    "img_size": [
      1080,
      1920
    ]
  },
  "023.jpg": {
    "K": [
      1891.6382569917375,
      0.0,
      540.0,
      0.0,
      0.0,
      1891.6382569917375,
      960.0,
      0.0,
      0.0,
      0.0,
      1.0,
      0.0,
      0.0,
      0.0,
      0.0,
      1.0
    ],
    "W2C": [
      0.9880574220558671,
      -0.03662087742356683,
      0.14967111296787564,
      0.1933028076483022,
      0.037887621917579224,
      0.9992662030273564,
      -0.005619928177545946,
      -0.06933615904590075,
      -0.14935547805736843,
      0.011223494287355334,
      0.9887198664688784,
      0.2876679312707473,
      0.0,
      0.0,
      0.0,
      1.0
    ],
    "img_size": [
      1080,
      1920
    ]
  },
  "024.jpg": {
    "K": [
      1891.6382569917375,
      0.0,
      540.0,
      0.0,
      0.0,
      1891.6382569917375,
      960.0,
      0.0,
      0.0,
      0.0,
      1.0,
      0.0,
      0.0,
      0.0,
      0.0,
      1.0
    ],
    "W2C": [
      0.9837042959548329,
      -0.043259881751769286,
      0.17451200746891324,
      0.1812749634112697,
      0.045035810721539456,
      0.9989659624691221,
      -0.0062274859128190994,
      -0.06594012561508923,
      -0.17406215519940219,
      0.013985294382444202,
      0.9846353526399386,
      0.27990511731498013,
      0.0,
      0.0,
      0.0,
      1.0
    ],
    "img_size": [
      1080,
      1920
    ]
  },
  "025.jpg": {
    "K": [
      1891.6382569917375,
      0.0,
      540.0,
      0.0,
      0.0,
      1891.6382569917375,
      960.0,
      0.0,
      0.0,
      0.0,
      1.0,
      0.0,
      0.0,
      0.0,
      0.0,
      1.0
    ],
    "W2C": [
      0.9791341471814955,
      -0.04979142186128367,
      0.19702064899953406,
      0.16391349714478798,
      0.052931165952314715,
      0.9985408459049275,
      -0.010699099513531549,
      -0.06669770112423087,
      -0.19620044213531843,
      0.02090438634601875,
      0.9803409575945514,
      0.24877200779032962,
      0.0,
      0.0,
      0.0,
      1.0
    ],
    "img_size": [
      1080,
      1920
    ]
  },
  "026.jpg": {
    "K": [
      1891.6382569917375,
      0.0,
      540.0,
      0.0,
      0.0,
      1891.6382569917375,
      960.0,
      0.0,
      0.0,
      0.0,
      1.0,
      0.0,
      0.0,
      0.0,
      0.0,
      1.0
    ],
    "W2C": [
      0.9739753377895336,
      -0.055488084567401605,
      0.21975694266349083,
      0.1389708465951058,
      0.0604726958884325,
      0.9980413607337659,
      -0.01601547116629386,
      -0.055803300760383,
      -0.21843785026810042,
      0.028887968702110585,
      0.9754231855120714,
      0.21884527235164403,
      0.0,
      0.0,
      0.0,
      1.0
    ],
    "img_size": [
      1080,
      1920
    ]
  },
  "027.jpg": {
    "K": [
      1891.6382569917375,
      0.0,
      540.0,
      0.0,
      0.0,
      1891.6382569917375,
      960.0,
      0.0,
      0.0,
      0.0,
      1.0,
      0.0,
      0.0,
      0.0,
      0.0,
      1.0
    ],
    "W2C": [
      0.9678814819512697,
      -0.0597922682509942,
      0.24419320537888622,
      0.11225193283378947,
      0.06753903822136051,
      0.9974406075179604,
      -0.023467270619646978,
      -0.05255502081213498,
      -0.24216505778486574,
      0.03920611089617654,
      0.9694426056536041,
      0.1899765076387613,
      0.0,
      0.0,
      0.0,
      1.0
    ],
    "img_size": [
      1080,
      1920
    ]
  },
  "028.jpg": {
    "K": [
      1891.6382569917375,
      0.0,
      540.0,
      0.0,
      0.0,
      1891.6382569917375,
      960.0,
      0.0,
      0.0,
      0.0,
      1.0,
      0.0,
      0.0,
      0.0,
      0.0,
      1.0
    ],
    "W2C": [
      0.9605593194784798,
      -0.06189099262121837,
      0.27110016376867085,
      0.08876143130274299,
      0.07288834177614181,
      0.9968682160044896,
      -0.030676530982994915,
      -0.05105854261863777,
      -0.2683525356618867,
      0.049226669117325,
      0.9620621869980387,
      0.17245756753468533,
      0.0,
      0.0,
      0.0,
      1.0
    ],
    "img_size": [
      1080,
      1920
    ]
  },
  "029.jpg": {
    "K": [
      1891.6382569917375,
      0.0,
      540.0,
      0.0,
      0.0,
      1891.6382569917375,
      960.0,
      0.0,
      0.0,
      0.0,
      1.0,
      0.0,
      0.0,
      0.0,
      0.0,
      1.0
    ],
    "W2C": [
      0.9515705728230142,
      -0.06374820996340785,
      0.30074841755816806,
      0.06449748914903568,
      0.07792900965547152,
      0.9963309124684061,
      -0.03538053580700736,
      -0.05114310568808191,
      -0.2973894994639158,
      0.057104103060417424,
      0.9530470119685946,
      0.15986530426456894,
      0.0,
      0.0,
      0.0,
      1.0
    ],
    "img_size": [
      1080,
      1920
    ]
  },
  "030.jpg": {
    "K": [
      1891.6382569917375,
      0.0,
      540.0,
      0.0,
      0.0,
      1891.6382569917375,
      960.0,
      0.0,
      0.0,
      0.0,
      1.0,
      0.0,
      0.0,
      0.0,
      0.0,
      1.0
    ],
    "W2C": [
      0.9406440285783895,
      -0.06549204792500829,
      0.3330159202777044,
      0.04584292021513302,
      0.08300271576009684,
      0.9958009510029914,
      -0.03861366543060323,
      -0.04847517985551725,
      -0.3290886820847331,
      0.06396293958321808,
      0.9421302360521112,
      0.15228483903631648,
      0.0,
      0.0,
      0.0,
      1.0
    ],
    "img_size": [
      1080,
      1920
    ]
  },
  "031.jpg": {
    "K": [
      1891.6382569917375,
      0.0,
      540.0,
      0.0,
      0.0,
      1891.6382569917375,
      960.0,
      0.0,
      0.0,
      0.0,
      1.0,
      0.0,
      0.0,
      0.0,
      0.0,
      1.0
    ],
    "W2C": [
      0.9277557612669117,
      -0.06612527133786754,
      0.3672828554759217,
      0.02619308657357338,
      0.08736060823691634,
      0.9953128862361531,
      -0.041477495352727635,
      -0.05005596136447438,
      -0.3628186483141812,
      0.07056703892578257,
      0.9291840083926962,
      0.1383677593987009,
      0.0,
      0.0,
      0.0,
      1.0
    ],
    "img_size": [
      1080,
      1920
    ]
  },
  "032.jpg": {
    "K": [
      1891.6382569917375,
      0.0,
      540.0,
      0.0,
      0.0,
      1891.6382569917375,
      960.0,
      0.0,
      0.0,
      0.0,
      1.0,
      0.0,
      0.0,
      0.0,
      0.0,
      1.0
    ],
    "W2C": [
      0.9122651003719265,
      -0.06631306308543003,
      0.404196690124532,
      0.014513524383284173,
      0.09089214846246133,
      0.9949787095962263,
      -0.041904472292424146,
      -0.042896785192715906,
      -0.3993882872484834,
      0.07496629318871534,
      0.9137116891526926,
      0.13413140787075392,
      0.0,
      0.0,
      0.0,
      1.0
    ],
    "img_size": [
      1080,
      1920
    ]
  },
  "033.jpg": {
    "K": [
      1891.6382569917375,
      0.0,
      540.0,
      0.0,
      0.0,
      1891.6382569917375,
      960.0,
      0.0,
      0.0,
      0.0,
      1.0,
      0.0,
      0.0,
      0.0,
      0.0,
      1.0
    ],
    "W2C": [
      0.8936124534537715,
      -0.06655173975691572,
      0.443877966301166,
      -0.008699024720893012,
      0.09503730688044537,
      0.9945784636494007,
      -0.042208884677402386,
      -0.035719115968572995,
      -0.4386623910631539,
      0.07990335149495274,
      0.8950925991687292,
      0.12710693026613606,
      0.0,
      0.0,
      0.0,
      1.0
    ],
    "img_size": [
      1080,
      1920
    ]
  },
  "034.jpg": {
    "K": [
      1891.6382569917375,
      0.0,
      540.0,
      0.0,
      0.0,
      1891.6382569917375,
      960.0,
      0.0,
      0.0,
      0.0,
      1.0,
      0.0,
      0.0,
      0.0,
      0.0,
      1.0
    ],
    "W2C": [
      0.8729647312671796,
      -0.06460037877834948,
      0.4834866792635704,
      -0.05466657603157306,
      0.0966169514629353,
      0.9944529402630732,
      -0.04157540489445321,
      -0.03188093775445171,
      -0.478118962867642,
      0.08300687118439468,
      0.8743638354155253,
      0.1345196009002114,
      0.0,
      0.0,
      0.0,
      1.0
    ],
    "img_size": [
      1080,
      1920
    ]
  },
  "035.jpg": {
    "K": [
      1891.6382569917375,
      0.0,
      540.0,
      0.0,
      0.0,
      1891.6382569917375,
      960.0,
      0.0,
      0.0,
      0.0,
      1.0,
      0.0,
      0.0,
      0.0,
      0.0,
      1.0
    ],
    "W2C": [
      0.8497364629926172,
      -0.06074937978136157,
      0.523695957896351,
      -0.1096183497338845,
      0.09653211945045116,
      0.9944738791539741,
      -0.04127049302892686,
      -0.023903439893433423,
      -0.5182947938916622,
      0.08562252353573077,
      0.8509049829964406,
      0.14461504664460448,
      0.0,
      0.0,
      0.0,
      1.0
    ],
    "img_size": [
      1080,
      1920
    ]
  },
  "036.jpg": {
    "K": [
      1891.6382569917375,
      0.0,
      540.0,
      0.0,
      0.0,
      1891.6382569917375,
      960.0,
      0.0,
      0.0,
      0.0,
      1.0,
      0.0,
      0.0,
      0.0,
      0.0,
      1.0
    ],
    "W2C": [
      0.8240211324324495,
      -0.057208762456228766,
      0.5636633133378207,
      -0.15381138846293615,
      0.09613446656237119,
      0.9945805244833567,
      -0.03959475542517498,
      -0.016533608316423545,
      -0.558343386853925,
      0.08681438715234863,
      0.8250551039414582,
      0.1541401935480658,
      0.0,
      0.0,
      0.0,
      1.0
    ],
    "img_size": [
      1080,
      1920
    ]
  },
  "037.jpg": {
    "K": [
      1891.6382569917375,
      0.0,
      540.0,
      0.0,
      0.0,
      1891.6382569917375,
      960.0,
      0.0,
      0.0,
      0.0,
      1.0,
      0.0,
      0.0,
      0.0,
      0.0,
      1.0
    ],
    "W2C": [
      0.7972291844966612,
      -0.05281836151775988,
      0.6013616616258205,
      -0.184030488855332,
      0.09419354077625784,
      0.9948476045351372,
      -0.03749427458600502,
      -0.008536689154772055,
      -0.5962828223777877,
      0.08653591414712458,
      0.7980966929513623,
      0.16163738719459508,
      0.0,
      0.0,
      0.0,
      1.0
    ],
    "img_size": [
      1080,
      1920
    ]
  },
  "038.jpg": {
    "K": [
      1891.6382569917375,
      0.0,
      540.0,
      0.0,
      0.0,
      1891.6382569917375,
      960.0,
      0.0,
      0.0,
      0.0,
      1.0,
      0.0,
      0.0,
      0.0,
      0.0,
      1.0
    ],
    "W2C": [
      0.7700959793676708,
      -0.050090714189004466,
      0.635958412880735,
      -0.21522044875053464,
      0.09344940303054382,
      0.9950160701038965,
      -0.034788350179808324,
      -0.0010392084656628288,
      -0.6310462674281364,
      0.08622030263826176,
      0.7709388223315671,
      0.17892906986021356,
      0.0,
      0.0,
      0.0,
      1.0
    ],
    "img_size": [
      1080,
      1920
    ]
  },
  "039.jpg": {
    "K": [
      1891.6382569917375,
      0.0,
      540.0,
      0.0,
      0.0,
      1891.6382569917375,
      960.0,
      0.0,
      0.0,
      0.0,
      1.0,
      0.0,
      0.0,
      0.0,
      0.0,
      1.0
    ],
    "W2C": [
      0.7425035917777331,
      -0.04952843539708664,
      0.6680084956677439,
      -0.2408162539413186,
      0.09458899066982335,
      0.9950222526372773,
      -0.031363029201631365,
      0.005290688111336631,
      -0.6631299563744875,
      0.08647341119532018,
      0.7434924411956151,
      0.2034325332201684,
      0.0,
      0.0,
      0.0,
      1.0
    ],
    "img_size": [
      1080,
      1920
    ]
  },
  "040.jpg": {
    "K": [
      1891.6382569917375,
      0.0,
      540.0,
      0.0,
      0.0,
      1891.6382569917375,
      960.0,
      0.0,
      0.0,
      0.0,
      1.0,
      0.0,
      0.0,
      0.0,
      0.0,
      1.0
    ],
    "W2C": [
      0.7153074746529036,
      -0.05042662181177243,
      0.6969880720057827,
      -0.2629890668638101,
      0.09861914937031824,
      0.9946954076309671,
      -0.02924567344649925,
      0.006495885331517184,
      -0.6918160738831967,
      0.08965601960000727,
      0.7164860906300431,
      0.229392241033026,
      0.0,
      0.0,
      0.0,
      1.0
    ],
    "img_size": [
      1080,
      1920
    ]
  },
  "041.jpg": {
    "K": [
      1891.6382569917375,
      0.0,
      540.0,
      0.0,
      0.0,
      1891.6382569917375,
      960.0,
      0.0,
      0.0,
      0.0,
      1.0,
      0.0,
      0.0,
      0.0,
      0.0,
      1.0
    ],
    "W2C": [
      0.6888962788185959,
      -0.05129888314868923,
      0.7230424203444695,
      -0.2865937664511338,
      0.10421876647227801,
      0.9941383554660339,
      -0.028764194865947147,
      0.00399635732758592,
      -0.7173286316221377,
      0.09517013596179488,
      0.6902045200345511,
      0.260406359963474,
      0.0,
      0.0,
      0.0,
      1.0
    ],
    "img_size": [
      1080,
      1920
    ]
  },
  "042.jpg": {
    "K": [
      1891.6382569917375,
      0.0,
      540.0,
      0.0,
      0.0,
      1891.6382569917375,
      960.0,
      0.0,
      0.0,
      0.0,
      1.0,
      0.0,
      0.0,
      0.0,
      0.0,
      1.0
    ],
    "W2C": [
      0.6631982607931894,
      -0.051119887385630974,
      0.7466959381130779,
      -0.30963276854665883,
      0.10934033055621532,
      0.9935785636278088,
      -0.02909175163440384,
      0.004589014813651186,
      -0.7404139105897096,
      0.10093757978563125,
      0.6645290407440994,
      0.29464951257211747,
      0.0,
      0.0,
      0.0,
      1.0
    ],
    "img_size": [
      1080,
      1920
    ]
  },
  "043.jpg": {
    "K": [
      1891.6382569917375,
      0.0,
      540.0,
      0.0,
      0.0,
      1891.6382569917375,
      960.0,
      0.0,
      0.0,
      0.0,
      1.0,
      0.0,
      0.0,
      0.0,
      0.0,
      1.0
    ],
    "W2C": [
      0.6385323086544751,
      -0.0512002071729317,
      0.7678899853428455,
      -0.32989105240769256,
      0.11413779248209585,
      0.9930503691711459,
      -0.028697188300691748,
      0.005697010150418006,
      -0.7610841314412622,
      0.10596934969367418,
      0.6399386234583748,
      0.33184535782213864,
      0.0,
      0.0,
      0.0,
      1.0
    ],
    "img_size": [
      1080,
      1920
    ]
  },
  "044.jpg": {
    "K": [
      1891.6382569917375,
      0.0,
      540.0,
      0.0,
      0.0,
      1891.6382569917375,
      960.0,
      0.0,
      0.0,
      0.0,
      1.0,
      0.0,
      0.0,
      0.0,
      0.0,
      1.0
    ],
    "W2C": [
      0.6151059251499059,
      -0.05064123828802514,
      0.7868164753169153,
      -0.3527482443845486,
      0.11941327101119097,
      0.992406881893761,
      -0.02947967904016562,
      0.00373227816439109,
      -0.7793491974409718,
      0.1120894542522122,
      0.6164825891244252,
      0.3558512786826731,
      0.0,
      0.0,
      0.0,
      1.0
    ],
    "img_size": [
      1080,
      1920
    ]
  },
  "045.jpg": {
    "K": [
      1891.6382569917375,
      0.0,
      540.0,
      0.0,
      0.0,
      1891.6382569917375,
      960.0,
      0.0,
      0.0,
      0.0,
      1.0,
      0.0,
      0.0,
      0.0,
      0.0,
      1.0
    ],
    "W2C": [
      0.5897397185419363,
      -0.0492632256157225,
      0.8060894484956446,
      -0.37863001692224324,
      0.12494129938907234,
      0.9916858907549136,
      -0.030802041890170467,
      0.00852750718223655,
      -0.7978701248204797,
      0.11887905063369257,
      0.5909915695163375,
      0.37575860885836926,
      0.0,
      0.0,
      0.0,
      1.0
    ],
    "img_size": [
      1080,
      1920
    ]
  },
  "046.jpg": {
    "K": [
      1891.6382569917375,
      0.0,
      540.0,
      0.0,
      0.0,
      1891.6382569917375,
      960.0,
      0.0,
      0.0,
      0.0,
      1.0,
      0.0,
      0.0,
      0.0,
      0.0,
      1.0
    ],
    "W2C": [
      0.5594792076814228,
      -0.05045635691120691,
      0.8273071812932702,
      -0.41863748144539525,
      0.13180532766144265,
      0.9908599430913888,
      -0.02870415957644024,
      0.014671281357264688,
      -0.818297239254922,
      0.12510287456401195,
      0.5610159525393142,
      0.37965115979124947,
      0.0,
      0.0,
      0.0,
      1.0
    ],
    "img_size": [
      1080,
      1920
    ]
  },
  "047.jpg": {
    "K": [
      1891.6382569917375,
      0.0,
      540.0,
      0.0,
      0.0,
      1891.6382569917375,
      960.0,
      0.0,
      0.0,
      0.0,
      1.0,
      0.0,
      0.0,
      0.0,
      0.0,
      1.0
    ],
    "W2C": [
      0.5305788521547302,
      -0.05334437475691269,
      0.8459553530346404,
      -0.45182420051882755,
      0.14080768850885475,
      0.9896979883768965,
      -0.025905340366764937,
      0.01344750968628594,
      -0.8358584069703208,
      0.13286184359897563,
      0.5326241207573301,
      0.3810212815750145,
      0.0,
      0.0,
      0.0,
      1.0
    ],
    "img_size": [
      1080,
      1920
    ]
  },
  "048.jpg": {
    "K": [
      1891.6382569917375,
      0.0,
      540.0,
      0.0,
      0.0,
      1891.6382569917375,
      960.0,
      0.0,
      0.0,
      0.0,
      1.0,
      0.0,
      0.0,
      0.0,
      0.0,
      1.0
    ],
    "W2C": [
      0.4996908263735845,
      -0.058444386715873986,
      0.8642299067374897,
      -0.47687856744872387,
      0.15338820630569844,
      0.9879237764482507,
      -0.0218785304476294,
      0.025638020761139937,
      -0.8525145958893636,
      0.14349517618942015,
      0.5026211278945228,
      0.3795286527685045,
      0.0,
      0.0,
      0.0,
      1.0
    ],
    "img_size": [
      1080,
      1920
    ]
  },
  "049.jpg": {
    "K": [
      1891.6382569917375,
      0.0,
      540.0,
      0.0,
      0.0,
      1891.6382569917375,
      960.0,
      0.0,
      0.0,
      0.0,
      1.0,
      0.0,
      0.0,
      0.0,
      0.0,
      1.0
    ],
    "W2C": [
      0.4660847500321294,
      -0.06264331370021226,
      0.8825195867719564,
      -0.4987247868926162,
      0.16627761521688206,
      0.9859177071035413,
      -0.01783338154928083,
      0.028959868025868186,
      -0.8689745453494451,
      0.15505511945225328,
      0.4699373888789585,
      0.3853018201524459,
      0.0,
      0.0,
      0.0,
      1.0
    ],
    "img_size": [
      1080,
      1920
    ]
  },
  "050.jpg": {
    "K": [
      1891.6382569917375,
      0.0,
      540.0,
      0.0,
      0.0,
      1891.6382569917375,
      960.0,
      0.0,
      0.0,
      0.0,
      1.0,
      0.0,
      0.0,
      0.0,
      0.0,
      1.0
    ],
    "W2C": [
      0.42503278157717506,
      -0.06506570942605212,
      0.9028364126693463,
      -0.5134060365135018,
      0.17987144993172455,
      0.9835934157053646,
      -0.013793262141829344,
      0.030596074960485237,
      -0.8871264825740629,
      0.16825708317315702,
      0.429762908913546,
      0.3876774400049803,
      0.0,
      0.0,
      0.0,
      1.0
    ],
    "img_size": [
      1080,
      1920
    ]
  },
  "051.jpg": {
    "K": [
      1891.6382569917375,
      0.0,
      540.0,
      0.0,
      0.0,
      1891.6382569917375,
      960.0,
      0.0,
      0.0,
      0.0,
      1.0,
      0.0,
      0.0,
      0.0,
      0.0,
      1.0
    ],
    "W2C": [
      0.37290708638272596,
      -0.06265195323855414,
      0.9257510667997852,
      -0.5275119954713485,
      0.19310932880763304,
      0.9811111453662243,
      -0.01138892293596403,
      0.03737703185783104,
      -0.9075511512047197,
      0.1830181772217445,
      0.377961975274522,
      0.3887835679826133,
      0.0,
      0.0,
      0.0,
      1.0
    ],
    "img_size": [
      1080,
      1920
    ]
  },
  "052.jpg": {
    "K": [
      1891.6382569917375,
      0.0,
      540.0,
      0.0,
      0.0,
      1891.6382569917375,
      960.0,
      0.0,
      0.0,
      0.0,
      1.0,
      0.0,
      0.0,
      0.0,
      0.0,
      1.0
    ],
    "W2C": [
      0.31580877245700206,
      -0.05836309136569156,
      0.9470261711301547,
      -0.5415305890631,
      0.20568026596683103,
      0.9785842075791221,
      -0.008281115175827176,
      0.044576083353742,
      -0.926261543750476,
      0.19739984357385293,
      0.32104961349611244,
      0.4093432667496998,
      0.0,
      0.0,
      0.0,
      1.0
    ],
    "img_size": [
      1080,
      1920
    ]
  },
  "053.jpg": {
    "K": [
      1891.6382569917375,
      0.0,
      540.0,
      0.0,
      0.0,
      1891.6382569917375,
      960.0,
      0.0,
      0.0,
      0.0,
      1.0,
      0.0,
      0.0,
      0.0,
      0.0,
      1.0
    ],
    "W2C": [
      0.26960091385704943,
      -0.05253484043680754,
      0.9615380584187626,
      -0.5702360179655583,
      0.21694609320621516,
      0.976154812321607,
      -0.00749499992857917,
      0.04677820543990982,
      -0.9382162543305272,
      0.2106225840731434,
      0.2745694578578389,
      0.4345858611265614,
      0.0,
      0.0,
      0.0,
      1.0
    ],
    "img_size": [
      1080,
      1920
    ]
  },
  "054.jpg": {
    "K": [
      1891.6382569917375,
      0.0,
      540.0,
      0.0,
      0.0,
      1891.6382569917375,
      960.0,
      0.0,
      0.0,
      0.0,
      1.0,
      0.0,
      0.0,
      0.0,
      0.0,
      1.0
    ],
    "W2C": [
      0.21336185067191568,
      -0.04618903458022478,
      0.975880778457288,
      -0.629221777730043,
      0.2262990119508089,
      0.9740520367687505,
      -0.0033744416925663317,
      0.0484479486058573,
      -0.950402797695768,
      0.2215608330711809,
      0.21827807810419603,
      0.46792900020904327,
      0.0,
      0.0,
      0.0,
      1.0
    ],
    "img_size": [
      1080,
      1920
    ]
  },
  "055.jpg": {
    "K": [
      1891.6382569917375,
      0.0,
      540.0,
      0.0,
      0.0,
      1891.6382569917375,
      960.0,
      0.0,
      0.0,
      0.0,
      1.0,
      0.0,
      0.0,
      0.0,
      0.0,
      1.0
    ],
    "W2C": [
      0.1586517959541837,
      -0.04084127098948787,
      0.9864895327495755,
      -0.6683008254183442,
      0.2369978616987165,
      0.9715078891072743,
      0.002105932706515862,
      0.05439617854677073,
      -0.9584683725563136,
      0.23346179984376791,
      0.16381076528409344,
      0.509686312140139,
      0.0,
      0.0,
      0.0,
      1.0
    ],
    "img_size": [
      1080,
      1920
    ]
  },
  "056.jpg": {
    "K": [
      1891.6382569917375,
      0.0,
      540.0,
      0.0,
      0.0,
      1891.6382569917375,
      960.0,
      0.0,
      0.0,
      0.0,
      1.0,
      0.0,
      0.0,
      0.0,
      0.0,
      1.0
    ],
    "W2C": [
      0.11080657962829035,
      -0.03859899850697201,
      0.9930921504197574,
      -0.6836524053665242,
      0.2516173208601472,
      0.9677797812566152,
      0.009540379136065234,
      0.05009573144228741,
      -0.9614627531809234,
      0.24882204947543715,
      0.11694854398666964,
      0.534178352628162,
      0.0,
      0.0,
      0.0,
      1.0
    ],
    "img_size": [
      1080,
      1920
    ]
  },
  "057.jpg": {
    "K": [
      1891.6382569917375,
      0.0,
      540.0,
      0.0,
      0.0,
      1891.6382569917375,
      960.0,
      0.0,
      0.0,
      0.0,
      1.0,
      0.0,
      0.0,
      0.0,
      0.0,
      1.0
    ],
    "W2C": [
      0.06945133531647614,
      -0.03669523803576825,
      0.9969102123703304,
      -0.6899418343923508,
      0.2679809837646518,
      0.9632779231279648,
      0.016787946711981375,
      0.042516511367892855,
      -0.960917636617878,
      0.2659870341196601,
      0.07673456403042231,
      0.5460149586893919,
      0.0,
      0.0,
      0.0,
      1.0
    ],
    "img_size": [
      1080,
      1920
    ]
  },
  "058.jpg": {
    "K": [
      1891.6382569917375,
      0.0,
      540.0,
      0.0,
      0.0,
      1891.6382569917375,
      960.0,
      0.0,
      0.0,
      0.0,
      1.0,
      0.0,
      0.0,
      0.0,
      0.0,
      1.0
    ],
    "W2C": [
      0.034788611093639524,
      -0.035106618390734694,
      0.9987778921678948,
      -0.6944985295500546,
      0.28544385264036737,
      0.9581014976534579,
      0.023734514615338046,
      0.042669201281417116,
      -0.957763832856514,
      0.2842693186739799,
      0.04335198879672625,
      0.5520014006771917,
      0.0,
      0.0,
      0.0,
      1.0
    ],
    "img_size": [
      1080,
      1920
    ]
  },
  "059.jpg": {
    "K": [
      1891.6382569917375,
      0.0,
      540.0,
      0.0,
      0.0,
      1891.6382569917375,
      960.0,
      0.0,
      0.0,
      0.0,
      1.0,
      0.0,
      0.0,
      0.0,
      0.0,
      1.0
    ],
    "W2C": [
      0.0008244260892934719,
      -0.034704935697142315,
      0.9993972622335328,
      -0.6955620786198798,
      0.3049302383460247,
      0.9518096724557688,
      0.032800871358529424,
      0.027903671093388815,
      -0.9523743329509988,
      0.30471940348113613,
      0.011367281039927452,
