{
  "001.jpg": {
    "K": [
      1891.6382569917375,
      0.0,
      540.0,
      0.0,
      0.0,
      1891.6382569917375,
      960.0,
      0.0,
      0.0,
      0.0,
      1.0,
      0.0,
      0.0,
      0.0,
      0.0,
      1.0
    ],
    "W2C": [
      0.7567613229877715,
      0.11807672025777323,
      -0.6429387126025039,
      3.9670488788947282,
      -0.0402624512649611,
      0.9901029410013957,
      0.13444367310707972,
      -0.7562837018221292,
      0.6524501782112824,
      -0.075855483345334,
      0.7540256697212048,
      3.27885697904589,
      0.0,
      0.0,
      0.0,
      1.0
    ],
    "img_size": [
      1080,
      1920
    ]
  },
  "002.jpg": {
    "K": [
      1891.6382569917375,
      0.0,
      540.0,
      0.0,
      0.0,
      1891.6382569917375,
      960.0,
      0.0,
      0.0,
      0.0,
      1.0,
      0.0,
      0.0,
      0.0,
      0.0,
      1.0
    ],
    "W2C": [
      0.778420246626048,
      0.11202035031438701,
      -0.6176676782527032,
      3.9456877773395687,
      -0.043521857067177074,
      0.9912120933305112,
      0.12491770888376978,
      -0.8088995325516325,
      0.6262329978530891,
      -0.07035642934933567,
      0.7764548958240557,
      3.2342815615806284,
      0.0,
      0.0,
      0.0,
      1.0
    ],
    "img_size": [
      1080,
      1920
    ]
  },
  "003.jpg": {
    "K": [
      1891.6382569917375,
      0.0,
      540.0,
      0.0,
      0.0,
      1891.6382569917375,
      960.0,
      0.0,
      0.0,
      0.0,
      1.0,
      0.0,
      0.0,
      0.0,
      0.0,
      1.0
    ],
    "W2C": [
      0.7976388130900518,
      0.1066258554870014,
      -0.5936356212306997,
      3.9066998410097855,
      -0.04914491138694348,
      0.9924664203582722,
      0.11222825912401628,
      -0.9004266597657024,
      0.6011298541389065,
      -0.06034344540132723,
      0.7968698557857702,
      3.180468276353727,
      0.0,
      0.0,
      0.0,
      1.0
    ],
    "img_size": [
      1080,
      1920
    ]
  },
  "004.jpg": {
    "K": [
      1891.6382569917375,
      0.0,
      540.0,
      0.0,
      0.0,
      1891.6382569917375,
      960.0,
      0.0,
      0.0,
      0.0,
      1.0,
      0.0,
      0.0,
      0.0,
      0.0,
      1.0
    ],
    "W2C": [
      0.8148678508357579,
      0.10328035949773452,
      -0.5703714167245163,
      3.852384085493428,
      -0.05462746613367006,
      0.9933019745525948,
      0.10181859993994762,
      -0.9559916212299117,
      0.5770669160661767,
      -0.051810758457439016,
      0.8150517895753234,
      3.2095018674938802,
      0.0,
      0.0,
      0.0,
      1.0
    ],
    "img_size": [
      1080,
      1920
    ]
  },
  "005.jpg": {
    "K": [
      1891.6382569917375,
      0.0,
      540.0,
      0.0,
      0.0,
      1891.6382569917375,
      960.0,
      0.0,
      0.0,
      0.0,
      1.0,
      0.0,
      0.0,
      0.0,
      0.0,
      1.0
    ],
    "W2C": [
      0.830036290196247,
      0.09967235428449796,
      -0.5487305155981738,
      3.8685141502399767,
      -0.05867330774602515,
      0.994046622065344,
      0.09180825735531525,
      -0.980226001508048,
      0.5546144606079003,
      -0.04400835093326147,
      0.8309428771779339,
      3.215502260200791,
      0.0,
      0.0,
      0.0,
      1.0
    ],
    "img_size": [
      1080,
      1920
    ]
  },
  "006.jpg": {
    "K": [
      1891.6382569917375,
      0.0,
      540.0,
      0.0,
      0.0,
      1891.6382569917375,
      960.0,
      0.0,
      0.0,
      0.0,
      1.0,
      0.0,
      0.0,
      0.0,
      0.0,
      1.0
    ],
    "W2C": [
      0.8469669803371623,
      0.09304335908211585,
      -0.5234404145165574,
      3.8242782898454113,
      -0.06088953849980354,
      0.9950645176446548,
      0.07835221647082946,
      -1.003346476118692,
      0.5281471369986113,
      -0.03448969491496307,
      0.8484521569451298,
      3.147874756199474,
      0.0,
      0.0,
      0.0,
      1.0
    ],
    "img_size": [
      1080,
      1920
    ]
  },
  "007.jpg": {
    "K": [
      1891.6382569917375,
      0.0,
      540.0,
      0.0,
      0.0,
      1891.6382569917375,
      960.0,
      0.0,
      0.0,
      0.0,
      1.0,
      0.0,
      0.0,
      0.0,
      0.0,
      1.0
    ],
    "W2C": [
      0.8650476217583434,
      0.08687504899653496,
      -0.49411065355048134,
      3.7051576149149184,
      -0.06384366178803322,
      0.9959480297843399,
      0.06333647304821272,
      -1.0610177209876444,
      0.49761089109838563,
      -0.02324323192977684,
      0.8670888958058045,
      3.053468945757176,
      0.0,
      0.0,
      0.0,
      1.0
    ],
    "img_size": [
      1080,
      1920
    ]
  },
  "008.jpg": {
    "K": [
      1891.6382569917375,
      0.0,
      540.0,
      0.0,
      0.0,
      1891.6382569917375,
      960.0,
      0.0,
      0.0,
      0.0,
      1.0,
      0.0,
      0.0,
      0.0,
      0.0,
      1.0
    ],
    "W2C": [
      0.8826753714088849,
      0.08270015617292328,
      -0.4626498382979959,
      3.5336779701623033,
      -0.06794865383429435,
      0.996509653048697,
      0.048492183111026745,
      -1.092277897370217,
      0.4650453409618194,
      -0.011366422028950407,
      0.8852138924011335,
      2.8872471891123004,
      0.0,
      0.0,
      0.0,
      1.0
    ],
    "img_size": [
      1080,
      1920
    ]
  },
  "009.jpg": {
    "K": [
      1891.6382569917375,
      0.0,
      540.0,
      0.0,
      0.0,
      1891.6382569917375,
      960.0,
      0.0,
      0.0,
      0.0,
      1.0,
      0.0,
      0.0,
      0.0,
      0.0,
      1.0
    ],
    "W2C": [
      0.9053305692900355,
      0.07243910491485045,
      -0.4184843323090074,
      3.3696181038901103,
      -0.06436232370109624,
      0.9973673531679541,
      0.03340440274192849,
      -1.0277587086988735,
      0.41980239589213364,
      -0.0033074028912342835,
      0.9076095027539869,
      2.6670414346850646,
      0.0,
      0.0,
      0.0,
      1.0
    ],
    "img_size": [
      1080,
      1920
    ]
  },
  "010.jpg": {
    "K": [
      1891.6382569917375,
      0.0,
      540.0,
      0.0,
      0.0,
      1891.6382569917375,
      960.0,
      0.0,
      0.0,
      0.0,
      1.0,
      0.0,
      0.0,
      0.0,
      0.0,
      1.0
    ],
    "W2C": [
      0.9233978657192167,
      0.06665242197011446,
      -0.3780130106632752,
      3.1627404641979684,
      -0.06141849633803754,
      0.9977760100454184,
      0.025899847208428826,
      -1.0013164975752389,
      0.37889860106995654,
      -0.0006988729235640781,
      0.9254379296764678,
      2.5010192897451358,
      0.0,
      0.0,
      0.0,
      1.0
    ],
    "img_size": [
      1080,
      1920
    ]
  },
  "011.jpg": {
    "K": [
      1891.6382569917375,
      0.0,
      540.0,
      0.0,
      0.0,
      1891.6382569917375,
      960.0,
      0.0,
      0.0,
      0.0,
      1.0,
      0.0,
      0.0,
      0.0,
      0.0,
      1.0
    ],
    "W2C": [
      0.9394565902407856,
      0.062445468060034336,
      -0.3369300796484633,
      3.0585333177701357,
      -0.05963486284260582,
      0.9980451724323994,
      0.0186953715696134,
      -0.9578915069136801,
      0.3374388806686333,
      0.002529289059310832,
      0.9413440415225215,
      2.313209320319482,
      0.0,
      0.0,
      0.0,
      1.0
    ],
    "img_size": [
      1080,
      1920
    ]
  },
  "012.jpg": {
    "K": [
      1891.6382569917375,
      0.0,
      540.0,
      0.0,
      0.0,
      1891.6382569917375,
      960.0,
      0.0,
      0.0,
      0.0,
      1.0,
      0.0,
      0.0,
      0.0,
      0.0,
      1.0
    ],
    "W2C": [
      0.953616279482912,
      0.05674855047654541,
      -0.2956274573242132,
      3.013819835530122,
      -0.05574250173711266,
      0.9983750077564552,
      0.011837119049248944,
      -0.8828918711373516,
      0.2958188043469457,
      0.005190944625892071,
      0.9552299665989518,
      2.160295634064695,
      0.0,
      0.0,
      0.0,
      1.0
    ],
    "img_size": [
      1080,
      1920
    ]
  },
  "013.jpg": {
    "K": [
      1891.6382569917375,
      0.0,
      540.0,
      0.0,
      0.0,
      1891.6382569917375,
      960.0,
      0.0,
      0.0,
      0.0,
      1.0,
      0.0,
      0.0,
      0.0,
      0.0,
      1.0
    ],
    "W2C": [
      0.9659165401056208,
      0.051001204848631396,
      -0.2537796576843281,
      2.9317341828739543,
      -0.05110465704036922,
      0.998674123552158,
      0.00618942453830194,
      -0.8168871365735754,
      0.2537588453220361,
      0.0069908548344984455,
      0.9672422531969486,
      2.0137786252835475,
      0.0,
      0.0,
      0.0,
      1.0
    ],
    "img_size": [
      1080,
      1920
    ]
  },
  "014.jpg": {
    "K": [
      1891.6382569917375,
      0.0,
      540.0,
      0.0,
      0.0,
      1891.6382569917375,
      960.0,
      0.0,
      0.0,
      0.0,
      1.0,
      0.0,
      0.0,
      0.0,
      0.0,
      1.0
    ],
    "W2C": [
      0.976636739118694,
      0.04601301671463466,
      -0.20991303460343483,
      2.7137713399773284,
      -0.047364178406584474,
      0.9988766903940207,
      -0.0014113792392330157,
      -0.7799642163046283,
      0.20961229545871898,
      0.011320763238688983,
      0.9777190424207868,
      1.852270934492092,
      0.0,
      0.0,
      0.0,
      1.0
    ],
    "img_size": [
      1080,
      1920
    ]
  },
  "015.jpg": {
    "K": [
      1891.6382569917375,
      0.0,
      540.0,
      0.0,
      0.0,
      1891.6382569917375,
      960.0,
      0.0,
      0.0,
      0.0,
      1.0,
      0.0,
      0.0,
      0.0,
      0.0,
      1.0
    ],
    "W2C": [
      0.98625479184919,
      0.042012083088174425,
      -0.15980134676874003,
      2.426055661678338,
      -0.04271966812112895,
      0.999086604277728,
      -0.0009935333004566535,
      -0.6610234953987263,
      0.15961364449861848,
      0.007806537477707131,
      0.9871486931878489,
      1.7534108456177087,
      0.0,
      0.0,
      0.0,
      1.0
    ],
    "img_size": [
      1080,
      1920
    ]
  },
  "016.jpg": {
    "K": [
      1891.6382569917375,
      0.0,
      540.0,
      0.0,
      0.0,
      1891.6382569917375,
      960.0,
      0.0,
      0.0,
      0.0,
      1.0,
      0.0,
      0.0,
      0.0,
      0.0,
      1.0
    ],
    "W2C": [
      0.9932438193499835,
      0.03330692207972345,
      -0.11116368230961343,
      2.1954894632561426,
      -0.03374969904261595,
      0.9994281035253558,
      -0.002103258957762226,
      -0.5739989411422746,
      0.11103005510937244,
      0.005840789782708243,
      0.9937998853074617,
      1.6654481962446217,
      0.0,
      0.0,
      0.0,
      1.0
    ],
    "img_size": [
      1080,
      1920
    ]
  },
  "017.jpg": {
    "K": [
      1891.6382569917375,
      0.0,
      540.0,
      0.0,
      0.0,
      1891.6382569917375,
      960.0,
      0.0,
      0.0,
      0.0,
      1.0,
      0.0,
      0.0,
      0.0,
      0.0,
      1.0
    ],
    "W2C": [
      0.9975261600930327,
      0.023055287299842242,
      -0.06640793369448289,
      1.9935386049309087,
      -0.023287851464190535,
      0.9997250738027854,
      -0.0027299787905725684,
      -0.5251721100402297,
      0.06632673596846828,
      0.004269723356016207,
      0.9977888221253193,
      1.5653210190372142,
      0.0,
      0.0,
      0.0,
      1.0
    ],
    "img_size": [
      1080,
      1920
    ]
  },
  "018.jpg": {
    "K": [
      1891.6382569917375,
      0.0,
      540.0,
      0.0,
      0.0,
      1891.6382569917375,
      960.0,
      0.0,
      0.0,
      0.0,
      1.0,
      0.0,
      0.0,
      0.0,
      0.0,
      1.0
    ],
    "W2C": [
      0.9996161350169107,
      0.011902253551424886,
      -0.02501837273387832,
      1.8295538391172352,
      -0.011979659917681424,
      0.9999239004106765,
      -0.0029463767166715846,
      -0.473285057724572,
      0.024981400323247884,
      0.0032449573028687203,
      0.9996826495893546,
      1.4798947749634634,
      0.0,
      0.0,
      0.0,
      1.0
    ],
    "img_size": [
      1080,
      1920
    ]
  },
  "019.jpg": {
    "K": [
      1891.6382569917375,
      0.0,
      540.0,
      0.0,
      0.0,
      1891.6382569917375,
      960.0,
      0.0,
      0.0,
      0.0,
      1.0,
      0.0,
      0.0,
      0.0,
      0.0,
      1.0
    ],
    "W2C": [
      0.9998551260717424,
      7.473376755458737e-05,
      0.017021200983613788,
      1.7300952461867103,
      -4.360947883431489e-06,
      0.999991453234995,
      -0.004134421113680812,
      -0.4234862445651575,
      -0.017021364488275355,
      0.004133747915282598,
      0.9998465808708507,
      1.3906899942179722,
      0.0,
      0.0,
      0.0,
      1.0
    ],
    "img_size": [
      1080,
      1920
    ]
  },
  "020.jpg": {
    "K": [
      1891.6382569917375,
      0.0,
      540.0,
      0.0,
      0.0,
      1891.6382569917375,
      960.0,
      0.0,
      0.0,
      0.0,
      1.0,
      0.0,
      0.0,
      0.0,
      0.0,
      1.0
    ],
    "W2C": [
      0.9983435700810123,
      -0.010544818582888625,
      0.056559021198686915,
      1.6283809138634682,
      0.010862916927942785,
      0.9999268463273374,
      -0.0053196832313837684,
      -0.4116458773400289,
      -0.056498788603970646,
      0.005925267497726856,
      0.9983850850705676,
      1.3580230272976532,
      0.0,
      0.0,
      0.0,
      1.0
    ],
    "img_size": [
      1080,
      1920
    ]
  },
  "021.jpg": {
    "K": [
      1891.6382569917375,
      0.0,
      540.0,
      0.0,
      0.0,
      1891.6382569917375,
      960.0,
      0.0,
      0.0,
      0.0,
      1.0,
      0.0,
      0.0,
      0.0,
      0.0,
      1.0
    ],
    "W2C": [
      0.9955234415259059,
      -0.020133245282322302,
      0.09234570811260406,
      1.5119877606393686,
      0.020638236991968983,
      0.9997768064296143,
      -0.004516691185467244,
      -0.4082325638641618,
      -0.09223416149279909,
      0.0064023245624851895,
      0.9957167617821431,
      1.4368173641297033,
      0.0,
      0.0,
      0.0,
      1.0
    ],
    "img_size": [
      1080,
      1920
    ]
  },
  "022.jpg": {
    "K": [
      1891.6382569917375,
      0.0,
      540.0,
      0.0,
      0.0,
      1891.6382569917375,
      960.0,
      0.0,
      0.0,
      0.0,
      1.0,
      0.0,
      0.0,
      0.0,
      0.0,
      1.0
    ],
    "W2C": [
      0.9920049492553514,
      -0.029435583377078,
      0.12271807969545027,
      1.366654458245919,
      0.0301799661158562,
      0.9995356108669838,
      -0.00421096829853361,
      -0.4174879678470664,
      -0.12253713844436538,
      0.007880928880314357,
      0.9924326378459397,
      1.4986250842652296,
      0.0,
      0.0,
      0.0,
      1.0
    ],
    "img_size": [
      1080,
      1920
    ]
  },
  "023.jpg": {
    "K": [
      1891.6382569917375,
      0.0,
      540.0,
      0.0,
      0.0,
      1891.6382569917375,
      960.0,
      0.0,
      0.0,
      0.0,
      1.0,
      0.0,
      0.0,
      0.0,
      0.0,
      1.0
    ],
    "W2C": [
      0.988057422055867,
      -0.03662087742356683,
      0.14967111296787566,
      1.2479539884519506,
      0.037887621917579224,
      0.9992662030273565,
      -0.005619928177545949,
      -0.3956499648409667,
      -0.14935547805736848,
      0.01122349428735534,
      0.9887198664688784,
      1.5054103143989073,
      0.0,
      0.0,
      0.0,
      1.0
    ],
    "img_size": [
      1080,
      1920
    ]
  },
  "024.jpg": {
    "K": [
      1891.6382569917375,
      0.0,
      540.0,
      0.0,
      0.0,
      1891.6382569917375,
      960.0,
      0.0,
      0.0,
      0.0,
      1.0,
      0.0,
      0.0,
      0.0,
      0.0,
      1.0
    ],
    "W2C": [
      0.9837042959548328,
      -0.0432598817517693,
      0.1745120074689132,
      1.1634310603011058,
      0.04503581072153945,
      0.9989659624691222,
      -0.006227485912819098,
      -0.37343782648914337,
      -0.17406215519940216,
      0.013985294382444202,
      0.9846353526399385,
      1.4558199119124953,
      0.0,
      0.0,
      0.0,
      1.0
    ],
    "img_size": [
      1080,
      1920
    ]
  },
  "025.jpg": {
    "K": [
      1891.6382569917375,
      0.0,
      540.0,
      0.0,
      0.0,
      1891.6382569917375,
      960.0,
      0.0,
      0.0,
      0.0,
      1.0,
      0.0,
      0.0,
      0.0,
      0.0,
      1.0
    ],
    "W2C": [
      0.9791341471814955,
      -0.04979142186128367,
      0.19702064899953411,
      1.0458202128963732,
      0.05293116595231473,
      0.9985408459049276,
      -0.010699099513531547,
      -0.3762990169292775,
      -0.19620044213531848,
      0.020904386346018752,
      0.9803409575945515,
      1.2585338021135792,
      0.0,
      0.0,
      0.0,
      1.0
    ],
    "img_size": [
      1080,
      1920
    ]
  },
  "026.jpg": {
    "K": [
      1891.6382569917375,
      0.0,
      540.0,
      0.0,
      0.0,
      1891.6382569917375,
      960.0,
      0.0,
      0.0,
      0.0,
      1.0,
      0.0,
      0.0,
      0.0,
      0.0,
      1.0
    ],
    "W2C": [
      0.9739753377895337,
      -0.055488084567401605,
      0.21975694266349088,
      0.8800836140286792,
      0.060472695888432515,
      0.9980413607337658,
      -0.016015471166293864,
      -0.3050817387920268,
      -0.21843785026810048,
      0.028887968702110585,
      0.9754231855120714,
      1.0691216326236423,
      0.0,
      0.0,
      0.0,
      1.0
    ],
    "img_size": [
      1080,
      1920
    ]
  },
  "027.jpg": {
    "K": [
      1891.6382569917375,
      0.0,
      540.0,
      0.0,
      0.0,
      1891.6382569917375,
      960.0,
      0.0,
      0.0,
      0.0,
      1.0,
      0.0,
      0.0,
      0.0,
      0.0,
      1.0
    ],
    "W2C": [
      0.9678814819512697,
      -0.0597922682509942,
      0.24419320537888625,
      0.7025491370706092,
      0.06753903822136051,
      0.9974406075179603,
      -0.023467270619646974,
      -0.2816957091852191,
      -0.24216505778486577,
      0.039206110896176545,
      0.9694426056536041,
      0.8867297189663698,
      0.0,
      0.0,
      0.0,
      1.0
    ],
    "img_size": [
      1080,
      1920
    ]
  },
  "028.jpg": {
    "K": [
      1891.6382569917375,
      0.0,
      540.0,
      0.0,
      0.0,
      1891.6382569917375,
      960.0,
      0.0,
      0.0,
      0.0,
      1.0,
      0.0,
      0.0,
      0.0,
      0.0,
      1.0
    ],
    "W2C": [
      0.9605593194784798,
      -0.061890992621218374,
      0.27110016376867085,
      0.544705105908723,
      0.0728883417761418,
      0.9968682160044896,
      -0.03067653098299491,
      -0.2696091453617192,
      -0.26835253566188677,
      0.04922666911732499,
      0.9620621869980388,
      0.7765140971792782,
      0.0,
      0.0,
      0.0,
      1.0
    ],
    "img_size": [
      1080,
      1920
    ]
  },
  "029.jpg": {
    "K": [
      1891.6382569917375,
      0.0,
      540.0,
      0.0,
      0.0,
      1891.6382569917375,
      960.0,
      0.0,
      0.0,
      0.0,
      1.0,
      0.0,
      0.0,
      0.0,
      0.0,
      1.0
    ],
    "W2C": [
      0.951570572823014,
      -0.06374820996340784,
      0.30074841755816806,
      0.3809970557655885,
      0.07792900965547152,
      0.9963309124684061,
      -0.03538053580700737,
      -0.2683420708961205,
      -0.2973894994639158,
      0.05710410306041742,
      0.9530470119685949,
      0.6977407504104183,
      0.0,
      0.0,
      0.0,
      1.0
    ],
    "img_size": [
      1080,
      1920
    ]
  },
  "030.jpg": {
    "K": [
      1891.6382569917375,
      0.0,
      540.0,
      0.0,
      0.0,
      1891.6382569917375,
      960.0,
      0.0,
      0.0,
      0.0,
      1.0,
      0.0,
      0.0,
      0.0,
      0.0,
      1.0
    ],
    "W2C": [
      0.9406440285783895,
      -0.06549204792500829,
      0.3330159202777044,
      0.2518893735215413,
      0.08300271576009681,
      0.9958009510029913,
      -0.038613665430603225,
      -0.25008581751175885,
      -0.32908868208473313,
      0.06396293958321807,
      0.9421302360521113,
      0.6510897589385654,
      0.0,
      0.0,
      0.0,
      1.0
    ],
    "img_size": [
      1080,
      1920
    ]
  },
  "031.jpg": {
    "K": [
      1891.6382569917375,
      0.0,
      540.0,
      0.0,
      0.0,
      1891.6382569917375,
      960.0,
      0.0,
      0.0,
      0.0,
      1.0,
      0.0,
      0.0,
      0.0,
      0.0,
      1.0
    ],
    "W2C": [
      0.9277557612669117,
      -0.06612527133786754,
      0.3672828554759217,
      0.11575553301619233,
      0.08736060823691634,
      0.9953128862361529,
      -0.04147749535272762,
      -0.258920169144528,
      -0.36281864831418115,
      0.07056703892578256,
      0.9291840083926962,
      0.5647559091497385,
      0.0,
      0.0,
      0.0,
      1.0
    ],
    "img_size": [
      1080,
      1920
    ]
  },
  "032.jpg": {
    "K": [
      1891.6382569917375,
      0.0,
      540.0,
      0.0,
      0.0,
      1891.6382569917375,
      960.0,
      0.0,
      0.0,
      0.0,
      1.0,
      0.0,
      0.0,
      0.0,
      0.0,
      1.0
    ],
    "W2C": [
      0.9122651003719264,
      -0.06631306308543003,
      0.4041966901245321,
      0.029140987298980958,
      0.09089214846246133,
      0.9949787095962263,
      -0.04190447229242414,
      -0.2131761155614055,
      -0.3993882872484834,
      0.07496629318871535,
      0.9137116891526926,
      0.5402684290448998,
      0.0,
      0.0,
      0.0,
      1.0
    ],
    "img_size": [
      1080,
      1920
    ]
  },
  "033.jpg": {
    "K": [
      1891.6382569917375,
      0.0,
      540.0,
      0.0,
      0.0,
      1891.6382569917375,
      960.0,
      0.0,
      0.0,
      0.0,
      1.0,
      0.0,
      0.0,
      0.0,
      0.0,
      1.0
    ],
    "W2C": [
      0.8936124534537716,
      -0.06655173975691572,
      0.4438779663011659,
      -0.13165285325988885,
      0.09503730688044536,
      0.9945784636494006,
      -0.04220888467740237,
      -0.16731155108500093,
      -0.4386623910631538,
      0.07990335149495272,
      0.8950925991687291,
      0.4989167879798447,
      0.0,
      0.0,
      0.0,
      1.0
    ],
    "img_size": [
      1080,
      1920
    ]
  },
  "034.jpg": {
    "K": [
      1891.6382569917375,
      0.0,
      540.0,
      0.0,
      0.0,
      1891.6382569917375,
      960.0,
      0.0,
      0.0,
      0.0,
      1.0,
      0.0,
      0.0,
      0.0,
      0.0,
      1.0
    ],
    "W2C": [
      0.8729647312671797,
      -0.06460037877834948,
      0.4834866792635703,
      -0.43669041386712776,
      0.09661695146293528,
      0.9944529402630731,
      -0.04157540489445321,
      -0.143075765739069,
      -0.47811896286764194,
      0.08300687118439466,
      0.8743638354155253,
      0.5496309640033781,
      0.0,
      0.0,
      0.0,
      1.0
    ],
    "img_size": [
      1080,
      1920
    ]
  },
  "035.jpg": {
    "K": [
      1891.6382569917375,
      0.0,
      540.0,
      0.0,
      0.0,
      1891.6382569917375,
      960.0,
      0.0,
      0.0,
      0.0,
      1.0,
      0.0,
      0.0,
      0.0,
      0.0,
      1.0
    ],
    "W2C": [
      0.8497364629926172,
      -0.060749379781361586,
      0.523695957896351,
      -0.7989623994178779,
      0.09653211945045116,
      0.9944738791539742,
      -0.041270493028926845,
      -0.09261862011651842,
      -0.5182947938916621,
      0.08562252353573076,
      0.8509049829964405,
      0.6181252033417076,
      0.0,
      0.0,
      0.0,
      1.0
    ],
    "img_size": [
      1080,
      1920
    ]
  },
  "036.jpg": {
    "K": [
      1891.6382569917375,
      0.0,
      540.0,
      0.0,
      0.0,
      1891.6382569917375,
      960.0,
      0.0,
      0.0,
      0.0,
      1.0,
      0.0,
      0.0,
      0.0,
      0.0,
      1.0
    ],
    "W2C": [
      0.8240211324324496,
      -0.05720876245622877,
      0.5636633133378207,
      -1.0931665466148521,
      0.09613446656237118,
      0.9945805244833568,
      -0.03959475542517498,
      -0.04645782245320237,
      -0.558343386853925,
      0.08681438715234863,
      0.8250551039414582,
      0.6837017184829106,
      0.0,
      0.0,
      0.0,
      1.0
    ],
    "img_size": [
      1080,
      1920
    ]
  },
  "037.jpg": {
    "K": [
      1891.6382569917375,
      0.0,
      540.0,
      0.0,
      0.0,
      1891.6382569917375,
      960.0,
      0.0,
      0.0,
      0.0,
      1.0,
      0.0,
      0.0,
      0.0,
      0.0,
      1.0
    ],
    "W2C": [
      0.7972291844966611,
      -0.052818361517759864,
      0.6013616616258207,
      -1.2981495252344233,
      0.09419354077625786,
      0.9948476045351372,
      -0.03749427458600502,
      0.0034406753122973926,
      -0.5962828223777877,
      0.0865359141471246,
      0.7980966929513624,
      0.7368642530823233,
      0.0,
      0.0,
      0.0,
      1.0
    ],
    "img_size": [
      1080,
      1920
    ]
  },
  "038.jpg": {
    "K": [
      1891.6382569917375,
      0.0,
      540.0,
      0.0,
      0.0,
      1891.6382569917375,
      960.0,
      0.0,
      0.0,
      0.0,
      1.0,
      0.0,
      0.0,
      0.0,
      0.0,
      1.0
    ],
    "W2C": [
      0.7700959793676708,
      -0.05009071418900445,
      0.6359584128807351,
      -1.5084108515776928,
      0.09344940303054382,
      0.9950160701038965,
      -0.03478835017980831,
      0.05006772426142407,
      -0.6310462674281364,
      0.08622030263826176,
      0.7709388223315671,
      0.8523875151033916,
      0.0,
      0.0,
      0.0,
      1.0
    ],
    "img_size": [
      1080,
      1920
    ]
  },
  "039.jpg": {
    "K": [
      1891.6382569917375,
      0.0,
      540.0,
      0.0,
      0.0,
      1891.6382569917375,
      960.0,
      0.0,
      0.0,
      0.0,
      1.0,
      0.0,
      0.0,
      0.0,
      0.0,
      1.0
    ],
    "W2C": [
      0.742503591777733,
      -0.049528435397086644,
      0.6680084956677439,
      -1.6825456614070426,
      0.09458899066982335,
      0.9950222526372774,
      -0.03136302920163137,
      0.0892003097424918,
      -0.6631299563744875,
      0.08647341119532019,
      0.7434924411956152,
      1.0139195690253846,
      0.0,
      0.0,
      0.0,
      1.0
    ],
    "img_size": [
      1080,
      1920
    ]
  },
  "040.jpg": {
    "K": [
      1891.6382569917375,
      0.0,
      540.0,
      0.0,
      0.0,
      1891.6382569917375,
      960.0,
      0.0,
      0.0,
      0.0,
      1.0,
      0.0,
      0.0,
      0.0,
      0.0,
      1.0
    ],
    "W2C": [
      0.7153074746529036,
      -0.05042662181177243,
      0.6969880720057828,
      -1.834061689696176,
      0.09861914937031824,
      0.9946954076309671,
      -0.029245673446499244,
      0.09645614830743118,
      -0.6918160738831967,
      0.08965601960000727,
      0.7164860906300431,
      1.1849026647920238,
      0.0,
      0.0,
      0.0,
      1.0
    ],
    "img_size": [
      1080,
      1920
    ]
  },
  "041.jpg": {
    "K": [
      1891.6382569917375,
      0.0,
      540.0,
      0.0,
      0.0,
      1891.6382569917375,
      960.0,
      0.0,
      0.0,
      0.0,
      1.0,
      0.0,
      0.0,
      0.0,
      0.0,
      1.0
    ],
    "W2C": [
      0.6888962788185958,
      -0.05129888314868923,
      0.7230424203444696,
      -1.9936854494511638,
      0.104218766472278,
      0.9941383554660339,
      -0.028764194865947144,
      0.08084552115883048,
      -0.7173286316221377,
      0.09517013596179488,
      0.6902045200345511,
      1.3880119799727475,
      0.0,
      0.0,
      0.0,
      1.0
    ],
    "img_size": [
      1080,
      1920
    ]
  },
  "042.jpg": {
    "K": [
      1891.6382569917375,
      0.0,
      540.0,
      0.0,
      0.0,
      1891.6382569917375,
      960.0,
      0.0,
      0.0,
      0.0,
      1.0,
      0.0,
      0.0,
      0.0,
      0.0,
      1.0
    ],
    "W2C": [
      0.6631982607931893,
      -0.051119887385630974,
      0.7466959381130778,
      -2.1488851593636147,
      0.10934033055621531,
      0.9935785636278088,
      -0.029091751634403855,
      0.08504868780965982,
      -0.7404139105897096,
      0.10093757978563125,
      0.6645290407440995,
      1.6115808606192445,
      0.0,
      0.0,
      0.0,
      1.0
    ],
    "img_size": [
      1080,
      1920
    ]
  },
  "043.jpg": {
    "K": [
      1891.6382569917375,
      0.0,
      540.0,
      0.0,
      0.0,
      1891.6382569917375,
      960.0,
      0.0,
      0.0,
      0.0,
      1.0,
      0.0,
      0.0,
      0.0,
      0.0,
      1.0
    ],
    "W2C": [
      0.6385323086544752,
      -0.05120020717293172,
      0.7678899853428454,
      -2.285633614576407,
      0.11413779248209585,
      0.9930503691711459,
      -0.02869718830069175,
      0.0922712731424105,
      -0.7610841314412622,
      0.10596934969367419,
      0.6399386234583748,
      1.8536693092906753,
      0.0,
      0.0,
      0.0,
      1.0
    ],
    "img_size": [
      1080,
      1920
    ]
  },
  "044.jpg": {
    "K": [
      1891.6382569917375,
      0.0,
      540.0,
      0.0,
      0.0,
      1891.6382569917375,
      960.0,
      0.0,
      0.0,
      0.0,
      1.0,
      0.0,
      0.0,
      0.0,
      0.0,
      1.0
    ],
    "W2C": [
      0.6151059251499058,
      -0.05064123828802514,
      0.7868164753169153,
      -2.4380335142110625,
      0.11941327101119092,
      0.9924068818937608,
      -0.029479679040165616,
      0.08041623716527438,
      -0.7793491974409716,
      0.11208945425221219,
      0.6164825891244252,
      2.0120295566088733,
      0.0,
      0.0,
      0.0,
      1.0
    ],
    "img_size": [
      1080,
      1920
    ]
  },
  "045.jpg": {
    "K": [
      1891.6382569917375,
      0.0,
      540.0,
      0.0,
      0.0,
      1891.6382569917375,
      960.0,
      0.0,
      0.0,
      0.0,
      1.0,
      0.0,
      0.0,
      0.0,
      0.0,
      1.0
    ],
    "W2C": [
      0.5897397185419364,
      -0.04926322561572252,
      0.8060894484956443,
      -2.609816287087205,
      0.12494129938907232,
      0.9916858907549135,
      -0.030802041890170478,
      0.11158521953260889,
      -0.7978701248204797,
      0.11887905063369257,
      0.5909915695163376,
      2.1450557613753736,
      0.0,
      0.0,
      0.0,
      1.0
    ],
    "img_size": [
      1080,
      1920
    ]
  },
  "046.jpg": {
    "K": [
      1891.6382569917375,
      0.0,
      540.0,
      0.0,
      0.0,
      1891.6382569917375,
      960.0,
      0.0,
      0.0,
      0.0,
      1.0,
      0.0,
      0.0,
      0.0,
      0.0,
      1.0
    ],
    "W2C": [
      0.5594792076814228,
      -0.05045635691120691,
      0.8273071812932705,
      -2.872177168056339,
      0.13180532766144265,
      0.9908599430913887,
      -0.02870415957644022,
      0.15032888413079282,
      -0.818297239254922,
      0.12510287456401195,
      0.5610159525393141,
      2.1778240037642314,
      0.0,
      0.0,
      0.0,
      1.0
    ],
    "img_size": [
      1080,
      1920
    ]
  },
  "047.jpg": {
    "K": [
      1891.6382569917375,
      0.0,
      540.0,
      0.0,
      0.0,
      1891.6382569917375,
      960.0,
      0.0,
      0.0,
      0.0,
      1.0,
      0.0,
      0.0,
      0.0,
      0.0,
      1.0
    ],
    "W2C": [
      0.5305788521547301,
      -0.053344374756912685,
      0.8459553530346404,
      -3.090481912559244,
      0.14080768850885475,
      0.9896979883768965,
      -0.025905340366764933,
      0.1423031415564351,
      -0.8358584069703208,
      0.13286184359897563,
      0.5326241207573301,
      2.194379951887645,
      0.0,
      0.0,
      0.0,
      1.0
    ],
    "img_size": [
      1080,
      1920
    ]
  },
  "048.jpg": {
    "K": [
      1891.6382569917375,
      0.0,
      540.0,
      0.0,
      0.0,
      1891.6382569917375,
      960.0,
      0.0,
      0.0,
      0.0,
      1.0,
      0.0,
      0.0,
      0.0,
      0.0,
      1.0
    ],
    "W2C": [
      0.4996908263735845,
      -0.058444386715874014,
      0.8642299067374896,
      -3.257361480945215,
      0.15338820630569847,
      0.9879237764482506,
      -0.02187853044762943,
      0.21914090168253905,
      -0.8525145958893637,
      0.14349517618942018,
      0.502621127894523,
      2.193472182006676,
      0.0,
      0.0,
      0.0,
      1.0
    ],
    "img_size": [
      1080,
      1920
    ]
  },
  "049.jpg": {
    "K": [
      1891.6382569917375,
      0.0,
      540.0,
      0.0,
      0.0,
      1891.6382569917375,
      960.0,
      0.0,
      0.0,
      0.0,
      1.0,
      0.0,
      0.0,
      0.0,
      0.0,
      1.0
    ],
    "W2C": [
      0.4660847500321292,
      -0.0626433137002122,
      0.8825195867719564,
      -3.4040737275713733,
      0.16627761521688203,
      0.9859177071035415,
      -0.017833381549280842,
      0.23978104669408948,
      -0.8689745453494448,
      0.15505511945225323,
      0.4699373888789584,
      2.239495228083559,
      0.0,
      0.0,
      0.0,
      1.0
    ],
    "img_size": [
      1080,
      1920
    ]
  },
  "050.jpg": {
    "K": [
      1891.6382569917375,
      0.0,
      540.0,
      0.0,
      0.0,
      1891.6382569917375,
      960.0,
      0.0,
      0.0,
      0.0,
      1.0,
      0.0,
      0.0,
      0.0,
      0.0,
      1.0
    ],
    "W2C": [
      0.42503278157717506,
      -0.06506570942605211,
      0.9028364126693464,
      -3.5064726597563305,
      0.17987144993172455,
      0.9835934157053647,
      -0.013793262141829347,
      0.24977806408225722,
      -0.8871264825740628,
      0.168257083173157,
      0.42976290891354596,
      2.266258574546376,
      0.0,
      0.0,
      0.0,
      1.0
    ],
    "img_size": [
      1080,
      1920
    ]
  },
  "051.jpg": {
    "K": [
      1891.6382569917375,
      0.0,
      540.0,
      0.0,
      0.0,
      1891.6382569917375,
      960.0,
      0.0,
      0.0,
      0.0,
      1.0,
      0.0,
      0.0,
      0.0,
      0.0,
      1.0
    ],
    "W2C": [
      0.37290708638272596,
      -0.06265195323855416,
      0.9257510667997854,
      -3.606637552475327,
      0.19310932880763304,
      0.9811111453662242,
      -0.011388922935964045,
      0.2928566541233002,
      -0.9075511512047197,
      0.18301817722174452,
      0.3779619752745221,
      2.288489654218611,
      0.0,
      0.0,
      0.0,
      1.0
    ],
    "img_size": [
      1080,
      1920
    ]
  },
  "052.jpg": {
    "K": [
      1891.6382569917375,
      0.0,
      540.0,
      0.0,
      0.0,
      1891.6382569917375,
      960.0,
      0.0,
      0.0,
      0.0,
      1.0,
      0.0,
      0.0,
      0.0,
      0.0,
      1.0
    ],
    "W2C": [
      0.315808772457002,
      -0.05836309136569155,
      0.9470261711301549,
      -3.7060219673096704,
      0.20568026596683103,
      0.978584207579122,
      -0.008281115175827166,
      0.3383165923657257,
      -0.926261543750476,
      0.19739984357385293,
      0.32104961349611244,
      2.435704549144949,
      0.0,
      0.0,
      0.0,
      1.0
    ],
    "img_size": [
      1080,
      1920
    ]
  },
  "053.jpg": {
    "K": [
      1891.6382569917375,
      0.0,
      540.0,
      0.0,
      0.0,
      1891.6382569917375,
      960.0,
      0.0,
      0.0,
      0.0,
      1.0,
      0.0,
      0.0,
      0.0,
      0.0,
      1.0
    ],
    "W2C": [
      0.26960091385704943,
      -0.05253484043680754,
      0.9615380584187626,
      -3.8955393314779636,
      0.21694609320621516,
      0.9761548123216068,
      -0.0074949999285791906,
      0.3527406669994331,
      -0.9382162543305274,
      0.21062258407314344,
      0.27456945785783893,
      2.6097927041132647,
      0.0,
      0.0,
      0.0,
      1.0
    ],
    "img_size": [
      1080,
      1920
    ]
  },
  "054.jpg": {
    "K": [
      1891.6382569917375,
      0.0,
      540.0,
      0.0,
      0.0,
      1891.6382569917375,
      960.0,
      0.0,
      0.0,
      0.0,
      1.0,
      0.0,
      0.0,
      0.0,
      0.0,
      1.0
    ],
    "W2C": [
      0.21336185067191568,
      -0.046189034580224775,
      0.9758807784572878,
      -4.277604216509558,
      0.22629901195080893,
      0.9740520367687505,
      -0.0033744416925663404,
      0.36262970589451954,
      -0.9504027976957681,
      0.2215608330711809,
      0.21827807810419605,
      2.8381618349474893,
      0.0,
      0.0,
      0.0,
      1.0
    ],
    "img_size": [
      1080,
      1920
    ]
  },
  "055.jpg": {
    "K": [
      1891.6382569917375,
      0.0,
      540.0,
      0.0,
      0.0,
      1891.6382569917375,
      960.0,
      0.0,
      0.0,
      0.0,
      1.0,
      0.0,
      0.0,
      0.0,
      0.0,
      1.0
    ],
    "W2C": [
      0.1586517959541837,
      -0.040841270989487866,
      0.9864895327495754,
      -4.532279405315875,
      0.2369978616987165,
      0.9715078891072743,
      0.00210593270651587,
      0.3992899603475733,
      -0.9584683725563136,
      0.2334617998437679,
      0.16381076528409344,
      3.119621941116162,
      0.0,
      0.0,
      0.0,
      1.0
    ],
    "img_size": [
      1080,
      1920
    ]
  },
  "056.jpg": {
    "K": [
      1891.6382569917375,
      0.0,
      540.0,
      0.0,
      0.0,
      1891.6382569917375,
      960.0,
      0.0,
      0.0,
      0.0,
      1.0,
      0.0,
      0.0,
      0.0,
      0.0,
      1.0
    ],
    "W2C": [
      0.11080657962829032,
      -0.038598998506972,
      0.9930921504197575,
      -4.634966453164198,
      0.2516173208601471,
      0.9677797812566152,
      0.009540379136065239,
      0.370626587890624,
      -0.9614627531809233,
      0.2488220494754371,
      0.11694854398666961,
      3.289799092870388,
      0.0,
      0.0,
      0.0,
      1.0
    ],
    "img_size": [
      1080,
      1920
    ]
  },
  "057.jpg": {
    "K": [
      1891.6382569917375,
      0.0,
      540.0,
      0.0,
      0.0,
      1891.6382569917375,
      960.0,
      0.0,
      0.0,
      0.0,
      1.0,
      0.0,
      0.0,
      0.0,
      0.0,
      1.0
    ],
    "W2C": [
      0.06945133531647615,
      -0.03669523803576824,
      0.9969102123703303,
      -4.67890433768588,
      0.2679809837646518,
      0.9632779231279648,
      0.01678794671198137,
      0.32133685695680647,
      -0.9609176366178779,
      0.26598703411966007,
      0.0767345640304223,
      3.3780305756705262,
      0.0,
      0.0,
      0.0,
      1.0
    ],
    "img_size": [
      1080,
      1920
    ]
  },
  "058.jpg": {
    "K": [
      1891.6382569917375,
      0.0,
      540.0,
      0.0,
      0.0,
      1891.6382569917375,
      960.0,
      0.0,
      0.0,
      0.0,
      1.0,
      0.0,
      0.0,
      0.0,
      0.0,
      1.0
    ],
    "W2C": [
      0.03478861109363952,
      -0.035106618390734694,
      0.9987778921678949,
      -4.710786977255506,
      0.2854438526403673,
      0.9581014976534579,
      0.023734514615338043,
      0.32119383116763395,
      -0.9577638328565139,
      0.2842693186739799,
      0.04335198879672624,
      3.4272938781127795,
      0.0,
      0.0,
      0.0,
      1.0
    ],
    "img_size": [
      1080,
      1920
    ]
  },
  "059.jpg": {
    "K": [
      1891.6382569917375,
      0.0,
      540.0,
      0.0,
      0.0,
      1891.6382569917375,
      960.0,
      0.0,
      0.0,
      0.0,
      1.0,
      0.0,
      0.0,
      0.0,
      0.0,
      1.0
    ],
    "W2C": [
      0.0008244260892934707,
      -0.034704935697142315,
      0.9993972622335328,
      -4.720140341568304,
      0.30493023834602473,
      0.9518096724557688,
      0.03280087135852942,
      0.22594914470972555,
      -0.9523743329509988,
      0.30471940348113613,
      0.011367281039927454,
      3.4570720677356537,
      0.0,
      0.0,
      0.0,
      1.0
    ],
    "img_size": [
