{
  "000001.jpg": {
    "K": [
      1827.9276301649456,
      0.0,
      960.0,
      0.0,
      0.0,
      1862.600450061271,
      540.0,
      0.0,
      0.0,
      0.0,
      1.0,
      0.0,
      0.0,
      0.0,
      0.0,
      1.0
    ],
    "W2C": [
      -0.19833899722588114,
      0.005710786159470675,
      0.9801168446164331,
      -2.7340845324168734,
      -0.06620066743735721,
      0.997621408009053,
      -0.019209318386755485,
      0.1242516235802239,
      -0.9778952468492118,
      -0.06869434622642615,
      -0.19748917182023815,
      5.918952684455138,
      0.0,
      0.0,
      0.0,
      1.0
    ],
    "img_size": [
      1920,
      1080
    ]
  },
  "000002.jpg": {
    "K": [
      1827.9276301649456,
      0.0,
      960.0,
      0.0,
      0.0,
      1862.600450061271,
      540.0,
      0.0,
      0.0,
      0.0,
      1.0,
      0.0,
      0.0,
      0.0,
      0.0,
      1.0
    ],
    "W2C": [
      -0.17343611782698107,
      0.0077057778996001535,
      0.9848149745104751,
      -2.678203212990807,
      -0.0665614514599211,
      0.997591215876586,
      -0.019527907860899654,
      0.11056503690467256,
      -0.9825932455561937,
      -0.06893755865155984,
      -0.1725054398983077,
      5.649637194200571,
      0.0,
      0.0,
      0.0,
      1.0
    ],
    "img_size": [
      1920,
      1080
    ]
  },
  "000003.jpg": {
    "K": [
      1827.9276301649456,
      0.0,
      960.0,
      0.0,
      0.0,
      1862.600450061271,
      540.0,
      0.0,
      0.0,
      0.0,
      1.0,
      0.0,
      0.0,
      0.0,
      0.0,
      1.0
    ],
    "W2C": [
      -0.14226708582998027,
      0.009767663524389361,
      0.9897801114584591,
      -2.5761487686302136,
      -0.06649002239067085,
      0.9975984391682374,
      -0.019401832170829796,
      0.11288004558936642,
      -0.987592604879124,
      -0.06857074389541994,
      -0.1412759706025608,
      5.355687986554926,
      0.0,
      0.0,
      0.0,
      1.0
    ],
    "img_size": [
      1920,
      1080
    ]
  },
  "000004.jpg": {
    "K": [
      1827.9276301649456,
      0.0,
      960.0,
      0.0,
      0.0,
      1862.600450061271,
      540.0,
      0.0,
      0.0,
      0.0,
      1.0,
      0.0,
      0.0,
      0.0,
      0.0,
      1.0
    ],
    "W2C": [
      -0.1051427565993572,
      0.011753813276418402,
      0.9943876752092978,
      -2.520836633645134,
      -0.0659587959698938,
      0.9976458557935615,
      -0.018766556746906148,
      0.11838284442977338,
      -0.9922673218285941,
      -0.06756178129235506,
      -0.10411996801629234,
      5.074791024058995,
      0.0,
      0.0,
      0.0,
      1.0
    ],
    "img_size": [
      1920,
      1080
    ]
  },
  "000005.jpg": {
    "K": [
      1827.9276301649456,
      0.0,
      960.0,
      0.0,
      0.0,
      1862.600450061271,
      540.0,
      0.0,
      0.0,
      0.0,
      1.0,
      0.0,
      0.0,
      0.0,
      0.0,
      1.0
    ],
    "W2C": [
      -0.0633119445864873,
      0.014012960637684474,
      0.997895402638395,
      -2.539110591088164,
      -0.06673240728947125,
      0.9976041240271438,
      -0.01824273941566061,
      0.10190060363101139,
      -0.9957602038091451,
      -0.0677469457481463,
      -0.06222513842305244,
      4.791175952024444,
      0.0,
      0.0,
      0.0,
      1.0
    ],
    "img_size": [
      1920,
      1080
    ]
  },
  "000006.jpg": {
    "K": [
      1827.9276301649456,
      0.0,
      960.0,
      0.0,
      0.0,
      1862.600450061271,
      540.0,
      0.0,
      0.0,
      0.0,
      1.0,
      0.0,
      0.0,
      0.0,
      0.0,
      1.0
    ],
    "W2C": [
      -0.01825225560278194,
      0.01577531522030072,
      0.9997089549439432,
      -2.548641755724974,
      -0.06547945664646922,
      0.9977101291962417,
      -0.0169392696566871,
      0.0718408359811493,
      -0.9976869729141972,
      -0.06576957905383728,
      -0.017177501226522326,
      4.462100442264909,
      0.0,
      0.0,
      0.0,
      1.0
    ],
    "img_size": [
      1920,
      1080
    ]
  },
  "000007.jpg": {
    "K": [
      1827.9276301649456,
      0.0,
      960.0,
      0.0,
      0.0,
      1862.600450061271,
      540.0,
      0.0,
      0.0,
      0.0,
      1.0,
      0.0,
      0.0,
      0.0,
      0.0,
      1.0
    ],
    "W2C": [
      0.03379567866845525,
      0.017421085198776918,
      0.9992769175227835,
      -2.553854119282144,
      -0.0653388125251318,
      0.9977475962366988,
      -0.015184656127004606,
      0.0864445875375307,
      -0.9972906756212777,
      -0.06477839141555349,
      0.03485783017442637,
      4.1455713379477634,
      0.0,
      0.0,
      0.0,
      1.0
    ],
    "img_size": [
      1920,
      1080
    ]
  },
  "000008.jpg": {
    "K": [
      1827.9276301649456,
      0.0,
      960.0,
      0.0,
      0.0,
      1862.600450061271,
      540.0,
      0.0,
      0.0,
      0.0,
      1.0,
      0.0,
      0.0,
      0.0,
      0.0,
      1.0
    ],
    "W2C": [
      0.09161793233975458,
      0.019344562748923842,
      0.9956063189664083,
      -2.592822717728288,
      -0.06741030531659334,
      0.9976382697983787,
      -0.01318079553067548,
      0.10659746985814855,
      -0.9935099421802039,
      -0.0659065287035416,
      0.09270557838305861,
      3.90860168979674,
      0.0,
      0.0,
      0.0,
      1.0
    ],
    "img_size": [
      1920,
      1080
    ]
  },
  "000009.jpg": {
    "K": [
      1827.9276301649456,
      0.0,
      960.0,
      0.0,
      0.0,
      1862.600450061271,
      540.0,
      0.0,
      0.0,
      0.0,
      1.0,
      0.0,
      0.0,
      0.0,
      0.0,
      1.0
    ],
    "W2C": [
      0.15445937738978405,
      0.023815719489412107,
      0.9877120593784213,
      -2.6060184320718234,
      -0.06920845524080223,
      0.9975145002715099,
      -0.013229190121164776,
      0.11601724903106388,
      -0.9855721640040075,
      -0.06631465338280587,
      0.15572371780552943,
      3.668359435226706,
      0.0,
      0.0,
      0.0,
      1.0
    ],
    "img_size": [
      1920,
      1080
    ]
  },
  "000010.jpg": {
    "K": [
      1827.9276301649456,
      0.0,
      960.0,
      0.0,
      0.0,
      1862.600450061271,
      540.0,
      0.0,
      0.0,
      0.0,
      1.0,
      0.0,
      0.0,
      0.0,
      0.0,
      1.0
    ],
    "W2C": [
      0.22206012394941918,
      0.030244965938218446,
      0.9745637708159302,
      -2.544358295723804,
      -0.07009566949891427,
      0.9974277478453017,
      -0.014982821688460391,
      0.13906144953487248,
      -0.9725101019881838,
      -0.0649856127434775,
      0.22360897045352907,
      3.460039380337357,
      0.0,
      0.0,
      0.0,
      1.0
    ],
    "img_size": [
      1920,
      1080
    ]
  },
  "000011.jpg": {
    "K": [
      1827.9276301649456,
      0.0,
      960.0,
      0.0,
      0.0,
      1862.600450061271,
      540.0,
      0.0,
      0.0,
      0.0,
      1.0,
      0.0,
      0.0,
      0.0,
      0.0,
      1.0
    ],
    "W2C": [
      0.29344471953261264,
      0.03384035909400507,
      0.9553769029418784,
      -2.461363194002704,
      -0.07157856646764583,
      0.99734573369375,
      -0.01334152559913946,
      0.15341325245953347,
      -0.9532925602357669,
      -0.0644695089113022,
      0.29508808349350946,
      3.2406317010438297,
      0.0,
      0.0,
      0.0,
      1.0
    ],
    "img_size": [
      1920,
      1080
    ]
  },
  "000012.jpg": {
    "K": [
      1827.9276301649456,
      0.0,
      960.0,
      0.0,
      0.0,
      1862.600450061271,
      540.0,
      0.0,
      0.0,
      0.0,
      1.0,
      0.0,
      0.0,
      0.0,
      0.0,
      1.0
    ],
    "W2C": [
      0.36546062730421275,
      0.03510446759455829,
      0.9301646124451919,
      -2.447519517193196,
      -0.07110964722053348,
      0.9974213019501742,
      -0.009703838837844894,
      0.14442116380714778,
      -0.9281066468690884,
      -0.06259730641906407,
      0.3670144810038089,
      3.0251876075224446,
      0.0,
      0.0,
      0.0,
      1.0
    ],
    "img_size": [
      1920,
      1080
    ]
  },
  "000013.jpg": {
    "K": [
      1827.9276301649456,
      0.0,
      960.0,
      0.0,
      0.0,
      1862.600450061271,
      540.0,
      0.0,
      0.0,
      0.0,
      1.0,
      0.0,
      0.0,
      0.0,
      0.0,
      1.0
    ],
    "W2C": [
      0.433540644785476,
      0.03618011970655406,
      0.9004074123734286,
      -2.431675331285686,
      -0.07228764931011374,
      0.9973699016589405,
      -0.005270201329521479,
      0.09777638245322229,
      -0.898229928846847,
      -0.06280348877932734,
      0.435015766060189,
      2.779522268134921,
      0.0,
      0.0,
      0.0,
      1.0
    ],
    "img_size": [
      1920,
      1080
    ]
  },
  "000014.jpg": {
    "K": [
      1827.9276301649456,
      0.0,
      960.0,
      0.0,
      0.0,
      1862.600450061271,
      540.0,
      0.0,
      0.0,
      0.0,
      1.0,
      0.0,
      0.0,
      0.0,
      0.0,
      1.0
    ],
    "W2C": [
      0.49871137758908457,
      0.03768742588020017,
      0.8659483932623941,
      -2.3575281867340676,
      -0.07345326609078659,
      0.9972980522247734,
      -0.001101239878213411,
      0.06425863601142368,
      -0.8636501488240442,
      -0.0630575368944719,
      0.5001321500133826,
      2.532242151351419,
      0.0,
      0.0,
      0.0,
      1.0
    ],
    "img_size": [
      1920,
      1080
    ]
  },
  "000015.jpg": {
    "K": [
      1827.9276301649456,
      0.0,
      960.0,
      0.0,
      0.0,
      1862.600450061271,
      540.0,
      0.0,
      0.0,
      0.0,
      1.0,
      0.0,
      0.0,
      0.0,
      0.0,
      1.0
    ],
    "W2C": [
      0.5628018148691138,
      0.03909126580177458,
      0.8256669971108489,
      -2.281013284582212,
      -0.07230759541001211,
      0.9973802396678956,
      0.0020661960296955535,
      0.08075236582984685,
      -0.8234231772460948,
      -0.060864854045878915,
      0.5641540044313433,
      2.342444693899534,
      0.0,
      0.0,
      0.0,
      1.0
    ],
    "img_size": [
      1920,
      1080
    ]
  },
  "000016.jpg": {
    "K": [
      1827.9276301649456,
      0.0,
      960.0,
      0.0,
      0.0,
      1862.600450061271,
      540.0,
      0.0,
      0.0,
      0.0,
      1.0,
      0.0,
      0.0,
      0.0,
      0.0,
      1.0
    ],
    "W2C": [
      0.6255563787134935,
      0.041410925148682734,
      0.7790791694874087,
      -2.2148578417585787,
      -0.07189518744531054,
      0.997401061261335,
      0.004712219961575734,
      0.13862951244391827,
      -0.776859253065228,
      -0.058959802179898865,
      0.6269078422334841,
      2.187031730572856,
      0.0,
      0.0,
      0.0,
      1.0
    ],
    "img_size": [
      1920,
      1080
    ]
  },
  "000017.jpg": {
    "K": [
      1827.9276301649456,
      0.0,
      960.0,
      0.0,
      0.0,
      1862.600450061271,
      540.0,
      0.0,
      0.0,
      0.0,
      1.0,
      0.0,
      0.0,
      0.0,
      0.0,
      1.0
    ],
    "W2C": [
      0.6822176033814636,
      0.04200454948972572,
      0.7299416137326447,
      -2.0981900712501975,
      -0.06977545854361365,
      0.9975321461346505,
      0.007810429759454316,
      0.14585041722724404,
      -0.7278121509163478,
      -0.056260423480134776,
      0.6834648767335127,
      2.0860242922735694,
      0.0,
      0.0,
      0.0,
      1.0
    ],
    "img_size": [
      1920,
      1080
    ]
  },
  "000018.jpg": {
    "K": [
      1827.9276301649456,
      0.0,
      960.0,
      0.0,
      0.0,
      1862.600450061271,
      540.0,
      0.0,
      0.0,
      0.0,
      1.0,
      0.0,
      0.0,
      0.0,
      0.0,
      1.0
    ],
    "W2C": [
      0.7318858389059988,
      0.04059043785091976,
      0.6802172705569399,
      -1.9591244703448256,
      -0.06619210148846884,
      0.9977385090459083,
      0.011682177339360207,
      0.17541129034286956,
      -0.6782047806595016,
      -0.05357503076918052,
      0.7329174520835744,
      2.0494523498303194,
      0.0,
      0.0,
      0.0,
      1.0
    ],
    "img_size": [
      1920,
      1080
    ]
  },
  "000019.jpg": {
    "K": [
      1827.9276301649456,
      0.0,
      960.0,
      0.0,
      0.0,
      1862.600450061271,
      540.0,
      0.0,
      0.0,
      0.0,
      1.0,
      0.0,
      0.0,
      0.0,
      0.0,
      1.0
    ],
    "W2C": [
      0.776219419465572,
      0.038262531091255006,
      0.6293007163185349,
      -1.8027211685281963,
      -0.06374631621642017,
      0.9978045023505931,
      0.017960575094393468,
      0.19335331291018518,
      -0.6272318710121214,
      -0.054056949630698965,
      0.7769543269608952,
      2.017766720720262,
      0.0,
      0.0,
      0.0,
      1.0
    ],
    "img_size": [
      1920,
      1080
    ]
  },
  "000020.jpg": {
    "K": [
      1827.9276301649456,
      0.0,
      960.0,
      0.0,
      0.0,
      1862.600450061271,
      540.0,
      0.0,
      0.0,
      0.0,
      1.0,
      0.0,
      0.0,
      0.0,
      0.0,
      1.0
    ],
    "W2C": [
      0.8144240465904901,
      0.036830781694224976,
      0.5791001345665217,
      -1.6677520878544834,
      -0.06150464185632885,
      0.9978409521471752,
      0.023035043914512585,
      0.19355288641696367,
      -0.577001430990683,
      -0.05437764005371274,
      0.814930930138802,
      1.9433557727963864,
      0.0,
      0.0,
      0.0,
      1.0
    ],
    "img_size": [
      1920,
      1080
    ]
  },
  "000021.jpg": {
    "K": [
      1827.9276301649456,
      0.0,
      960.0,
      0.0,
      0.0,
      1862.600450061271,
      540.0,
      0.0,
      0.0,
      0.0,
      1.0,
      0.0,
      0.0,
      0.0,
      0.0,
      1.0
    ],
    "W2C": [
      0.8463262899983172,
      0.03526850480143923,
      0.5314959486456651,
      -1.5192823426223279,
      -0.05932959900417039,
      0.9978383567923135,
      0.02825973099695413,
      0.15512996928002465,
      -0.5293503655800088,
      -0.055450394796491075,
      0.8465893007694018,
      1.8362358260790284,
      0.0,
      0.0,
      0.0,
      1.0
    ],
    "img_size": [
      1920,
      1080
    ]
  },
  "000022.jpg": {
    "K": [
      1827.9276301649456,
      0.0,
      960.0,
      0.0,
      0.0,
      1862.600450061271,
      540.0,
      0.0,
      0.0,
      0.0,
      1.0,
      0.0,
      0.0,
      0.0,
      0.0,
      1.0
    ],
    "W2C": [
      0.8700460442735045,
      0.034445472720133,
      0.49176558465707404,
      -1.3805939374280691,
      -0.058631480531944835,
      0.9977056742693835,
      0.033848737366518375,
      0.12764596825245744,
      -0.48947137846319416,
      -0.058282904352493774,
      0.8700694643105108,
      1.7255631545848635,
      0.0,
      0.0,
      0.0,
      1.0
    ],
    "img_size": [
      1920,
      1080
    ]
  },
  "000023.jpg": {
    "K": [
      1827.9276301649456,
      0.0,
      960.0,
      0.0,
      0.0,
      1862.600450061271,
      540.0,
      0.0,
      0.0,
      0.0,
      1.0,
      0.0,
      0.0,
      0.0,
      0.0,
      1.0
    ],
    "W2C": [
      0.894394016520701,
      0.03280249568333418,
      0.44607548631247684,
      -1.2706823987693023,
      -0.055766725964883586,
      0.997703312570886,
      0.03844700716881134,
      0.13842786639966523,
      -0.443789832563935,
      -0.05926294256975343,
      0.8941691608140201,
      1.6882791089888332,
      0.0,
      0.0,
      0.0,
      1.0
    ],
    "img_size": [
      1920,
      1080
    ]
  },
  "000024.jpg": {
    "K": [
      1827.9276301649456,
      0.0,
      960.0,
      0.0,
      0.0,
      1862.600450061271,
      540.0,
      0.0,
      0.0,
      0.0,
      1.0,
      0.0,
      0.0,
      0.0,
      0.0,
      1.0
    ],
    "W2C": [
      0.9205438404369202,
      0.031600888258916146,
      0.38935898820355186,
      -1.1731810385432728,
      -0.05182044802566388,
      0.9977923220857182,
      0.04153460187855417,
      0.150500876101189,
      -0.38718687865172496,
      -0.05841117913583001,
      0.9201491483188453,
      1.712453290221359,
      0.0,
      0.0,
      0.0,
      1.0
    ],
    "img_size": [
      1920,
      1080
    ]
  },
  "000025.jpg": {
    "K": [
      1827.9276301649456,
      0.0,
      960.0,
      0.0,
      0.0,
      1862.600450061271,
      540.0,
      0.0,
      0.0,
      0.0,
      1.0,
      0.0,
      0.0,
      0.0,
      0.0,
      1.0
    ],
    "W2C": [
      0.9454667104548742,
      0.0289015202200749,
      0.3244339710181528,
      -1.0852768901645282,
      -0.04563275787186194,
      0.9979852849032289,
      0.04407972919187624,
      0.12276861526252077,
      -0.32250635781430265,
      -0.056480733401662965,
      0.9448807204741577,
      1.7755112554180013,
      0.0,
      0.0,
      0.0,
      1.0
    ],
    "img_size": [
      1920,
      1080
    ]
  },
  "000026.jpg": {
    "K": [
      1827.9276301649456,
      0.0,
      960.0,
      0.0,
      0.0,
      1862.600450061271,
      540.0,
      0.0,
      0.0,
      0.0,
      1.0,
      0.0,
      0.0,
      0.0,
      0.0,
      1.0
    ],
    "W2C": [
      0.9672361060665589,
      0.026835027698591855,
      0.2524563257468832,
      -0.9847569944850972,
      -0.03911979080156208,
      0.9982755475033562,
      0.043767262017589556,
      0.11533415937431188,
      -0.250846481117122,
      -0.05220931473683721,
      0.9666179340183314,
      1.896653737320622,
      0.0,
      0.0,
      0.0,
      1.0
    ],
    "img_size": [
      1920,
      1080
    ]
  },
  "000027.jpg": {
    "K": [
      1827.9276301649456,
      0.0,
      960.0,
      0.0,
      0.0,
      1862.600450061271,
      540.0,
      0.0,
      0.0,
      0.0,
      1.0,
      0.0,
      0.0,
      0.0,
      0.0,
      1.0
    ],
    "W2C": [
      0.9826959473174569,
      0.023623092956801515,
      0.18371343066036416,
      -0.8892559701698569,
      -0.03140739158823502,
      0.9987227662902866,
      0.039577921207424566,
      0.14555749117711678,
      -0.1825438327620777,
      -0.04466302243055387,
      0.9821827546581637,
      2.0247133632619563,
      0.0,
      0.0,
      0.0,
      1.0
    ],
    "img_size": [
      1920,
      1080
    ]
  },
  "000028.jpg": {
    "K": [
      1827.9276301649456,
      0.0,
      960.0,
      0.0,
      0.0,
      1862.600450061271,
      540.0,
      0.0,
      0.0,
      0.0,
      1.0,
      0.0,
      0.0,
      0.0,
      0.0,
      1.0
    ],
    "W2C": [
      0.9925991308205689,
      0.021116429838917133,
      0.11958704731328178,
      -0.8052642309497491,
      -0.025226851506832876,
      0.9991381595774539,
      0.03296276746923222,
      0.11438107014693648,
      -0.11878792639533366,
      -0.03573561902411318,
      0.9922763698061444,
      2.0826147644587936,
      0.0,
      0.0,
      0.0,
      1.0
    ],
    "img_size": [
      1920,
      1080
    ]
  },
  "000029.jpg": {
    "K": [
      1827.9276301649456,
      0.0,
      960.0,
      0.0,
      0.0,
      1862.600450061271,
      540.0,
      0.0,
      0.0,
      0.0,
      1.0,
      0.0,
      0.0,
      0.0,
      0.0,
      1.0
    ],
    "W2C": [
      0.998062007878464,
      0.01859508302214025,
      0.05938393147147361,
      -0.706435008532551,
      -0.02012656260030955,
      0.999477373198053,
      0.025296283185792624,
      0.057546956192345386,
      -0.058882509351290246,
      -0.02644245360248752,
      0.9979146490256448,
      2.0668426787011143,
      0.0,
      0.0,
      0.0,
      1.0
    ],
    "img_size": [
      1920,
      1080
    ]
  },
  "000030.jpg": {
    "K": [
      1827.9276301649456,
      0.0,
      960.0,
      0.0,
      0.0,
      1862.600450061271,
      540.0,
      0.0,
      0.0,
      0.0,
      1.0,
      0.0,
      0.0,
      0.0,
      0.0,
      1.0
    ],
    "W2C": [
      0.9998305449629773,
      0.01590422845409725,
      0.009270214469784223,
      -0.5615573801758305,
      -0.016055745679054146,
      0.9997348484691554,
      0.016505931874464617,
      0.008344161817406399,
      -0.00900524234684705,
      -0.01665197506708488,
      0.9998207926106758,
      1.9898552483630696,
      0.0,
      0.0,
      0.0,
      1.0
    ],
    "img_size": [
      1920,
      1080
    ]
  },
  "000031.jpg": {
    "K": [
      1827.9276301649456,
      0.0,
      960.0,
      0.0,
      0.0,
      1862.600450061271,
      540.0,
      0.0,
      0.0,
      0.0,
      1.0,
      0.0,
      0.0,
      0.0,
      0.0,
      1.0
    ],
    "W2C": [
      0.9992644180905943,
      0.011538122408214828,
      -0.036571771482375844,
      -0.3957702898832087,
      -0.011215836059099819,
      0.9998965486804319,
      0.009005384969912818,
      -0.007049995486837511,
      0.036671893318473,
      -0.008588577778304527,
      0.9992904525573056,
      1.9089447888597604,
      0.0,
      0.0,
      0.0,
      1.0
    ],
    "img_size": [
      1920,
      1080
    ]
  },
  "000032.jpg": {
    "K": [
      1827.9276301649456,
      0.0,
      960.0,
      0.0,
      0.0,
      1862.600450061271,
      540.0,
      0.0,
      0.0,
      0.0,
      1.0,
      0.0,
      0.0,
      0.0,
      0.0,
      1.0
    ],
    "W2C": [
      0.9964415130364999,
      0.008871138051040837,
      -0.08381893585109487,
      -0.2827930577160197,
      -0.008596830473144088,
      0.9999564470150846,
      0.003632984831280869,
      0.010508636644032815,
      0.08384751399622176,
      -0.002899479720168961,
      0.9964743787042423,
      1.8605770845371543,
      0.0,
      0.0,
      0.0,
      1.0
    ],
    "img_size": [
      1920,
      1080
    ]
  },
  "000033.jpg": {
    "K": [
      1827.9276301649456,
      0.0,
      960.0,
      0.0,
      0.0,
      1862.600450061271,
      540.0,
      0.0,
      0.0,
      0.0,
      1.0,
      0.0,
      0.0,
      0.0,
      0.0,
      1.0
    ],
    "W2C": [
      0.9890275686234243,
      0.0040745082682416365,
      -0.14767486883423922,
      -0.1543450555465633,
      -0.005603712303486923,
      0.9999348889042261,
      -0.009940641856178368,
      0.060410982130831264,
      0.14762475033427655,
      0.010659096324974578,
      0.9889860043267941,
      1.86144849933925,
      0.0,
      0.0,
      0.0,
      1.0
    ],
    "img_size": [
      1920,
      1080
    ]
  },
  "000034.jpg": {
    "K": [
      1827.9276301649456,
      0.0,
      960.0,
      0.0,
      0.0,
      1862.600450061271,
      540.0,
      0.0,
      0.0,
      0.0,
      1.0,
      0.0,
      0.0,
      0.0,
      0.0,
      1.0
    ],
    "W2C": [
      0.9797980385880048,
      0.003031781653294009,
      -0.19996652689664252,
      -0.028414369659029694,
      -0.005177319008932457,
      0.9999344997449181,
      -0.010207428067843886,
      0.0494694621661128,
      0.1999224823449795,
      0.011036508500753776,
      0.979749558067333,
      1.9164665491678692,
      0.0,
      0.0,
      0.0,
      1.0
    ],
    "img_size": [
      1920,
      1080
    ]
  },
  "000035.jpg": {
    "K": [
      1827.9276301649456,
      0.0,
      960.0,
      0.0,
      0.0,
      1862.600450061271,
      540.0,
      0.0,
      0.0,
      0.0,
      1.0,
      0.0,
      0.0,
      0.0,
      0.0,
      1.0
    ],
    "W2C": [
      0.964567685786063,
      -0.0015650072211631548,
      -0.2638308744057762,
      0.15525627999249195,
      -0.0019456715082878826,
      0.999913020886367,
      -0.013044731667674756,
      0.04413788015259323,
      0.2638283417294294,
      0.013095854851727208,
      0.9644807435537539,
      2.0120724037027986,
      0.0,
      0.0,
      0.0,
      1.0
    ],
    "img_size": [
      1920,
      1080
    ]
  },
  "000036.jpg": {
    "K": [
      1827.9276301649456,
      0.0,
      960.0,
      0.0,
      0.0,
      1862.600450061271,
      540.0,
      0.0,
      0.0,
      0.0,
      1.0,
      0.0,
      0.0,
      0.0,
      0.0,
      1.0
    ],
    "W2C": [
      0.9437932729295254,
      -0.0006951332345132771,
      -0.33053558774020253,
      0.315328971081503,
      -0.0006570805667499847,
      0.9999918669697725,
      -0.003979225984824415,
      0.05218734766320364,
      0.3305356655765057,
      0.003972755227267019,
      0.9437851402717682,
      2.1170588377355744,
      0.0,
      0.0,
      0.0,
      1.0
    ],
    "img_size": [
      1920,
      1080
    ]
  },
  "000037.jpg": {
    "K": [
      1827.9276301649456,
      0.0,
      960.0,
      0.0,
      0.0,
      1862.600450061271,
      540.0,
      0.0,
      0.0,
      0.0,
      1.0,
      0.0,
      0.0,
      0.0,
      0.0,
      1.0
    ],
    "W2C": [
      0.9223803188734767,
      -0.003105874285486766,
      -0.3862705022387633,
      0.4238274435745689,
      0.0003101353272924472,
      0.9999733074212517,
      -0.007299880895041624,
      0.039459733896526676,
      0.38628286419532315,
      0.006613470339071656,
      0.9223566614055172,
      2.159981883510525,
      0.0,
      0.0,
      0.0,
      1.0
    ],
    "img_size": [
      1920,
      1080
    ]
  },
  "000038.jpg": {
    "K": [
      1827.9276301649456,
      0.0,
      960.0,
      0.0,
      0.0,
      1862.600450061271,
      540.0,
      0.0,
      0.0,
      0.0,
      1.0,
      0.0,
      0.0,
      0.0,
      0.0,
      1.0
    ],
    "W2C": [
      0.89594794384826,
      -0.010505432076449002,
      -0.4440348159896501,
      0.543287407312563,
      0.0004498620348892095,
      0.9997411932837494,
      -0.022745198960100306,
      0.00925851184902057,
      0.44415884493976354,
      0.02017875983483869,
      0.8957207924980324,
      2.152806445213219,
      0.0,
      0.0,
      0.0,
      1.0
    ],
    "img_size": [
      1920,
      1080
    ]
  },
  "000039.jpg": {
    "K": [
      1827.9276301649456,
      0.0,
      960.0,
      0.0,
      0.0,
      1862.600450061271,
      540.0,
      0.0,
      0.0,
      0.0,
      1.0,
      0.0,
      0.0,
      0.0,
      0.0,
      1.0
    ],
    "W2C": [
      0.8646783847529869,
      -0.015216725746959606,
      -0.5020953516997619,
      0.6799331943179305,
      0.0022737054072405893,
      0.9996493966675456,
      -0.02638018206786166,
      0.0011530230603808847,
      0.5023207353919275,
      0.021668756303818214,
      0.8644098239814025,
      2.1614655729900414,
      0.0,
      0.0,
      0.0,
      1.0
    ],
    "img_size": [
      1920,
      1080
    ]
  },
  "000040.jpg": {
    "K": [
      1827.9276301649456,
      0.0,
      960.0,
      0.0,
      0.0,
      1862.600450061271,
      540.0,
      0.0,
      0.0,
      0.0,
      1.0,
      0.0,
      0.0,
      0.0,
      0.0,
      1.0
    ],
    "W2C": [
      0.8276914403339246,
      -0.018998808692904077,
      -0.5608617698383479,
      0.7941014916178625,
      0.005413427255181808,
      0.9996505643306167,
      -0.025873616655435718,
      0.03699348243501103,
      0.5611573526234032,
      0.01837918664495299,
      0.8275050640902228,
      2.225780868221011,
      0.0,
      0.0,
      0.0,
      1.0
    ],
    "img_size": [
      1920,
      1080
    ]
  },
  "000041.jpg": {
    "K": [
      1827.9276301649456,
      0.0,
      960.0,
      0.0,
      0.0,
      1862.600450061271,
      540.0,
      0.0,
      0.0,
      0.0,
      1.0,
      0.0,
      0.0,
      0.0,
      0.0,
      1.0
    ],
    "W2C": [
      0.7885138478363117,
      -0.017090048144047822,
      -0.6147795068354245,
      0.8722228766211516,
      0.004393197248637002,
      0.9997448538716311,
      -0.022156871961657706,
      0.04371915035070254,
      0.6150013102330012,
      0.014770152728555409,
      0.7883877415333567,
      2.3140054135376156,
      0.0,
      0.0,
      0.0,
      1.0
    ],
    "img_size": [
      1920,
      1080
    ]
  },
  "000042.jpg": {
    "K": [
      1827.9276301649456,
      0.0,
      960.0,
      0.0,
      0.0,
      1862.600450061271,
      540.0,
      0.0,
      0.0,
      0.0,
      1.0,
      0.0,
      0.0,
      0.0,
      0.0,
      1.0
    ],
    "W2C": [
      0.744964924459502,
      -0.019144677077853358,
      -0.6668288705992219,
      0.9865600027894877,
      0.005507542846494512,
      0.999730559414203,
      -0.022549402323774996,
      0.04648657027592172,
      0.6670809008634883,
      0.013125925222633195,
      0.7448696408031457,
      2.4681033722905985,
      0.0,
      0.0,
      0.0,
      1.0
    ],
    "img_size": [
      1920,
      1080
    ]
  },
  "000043.jpg": {
    "K": [
      1827.9276301649456,
      0.0,
      960.0,
      0.0,
      0.0,
      1862.600450061271,
      540.0,
      0.0,
      0.0,
      0.0,
      1.0,
      0.0,
      0.0,
      0.0,
      0.0,
      1.0
    ],
    "W2C": [
      0.6992516071073583,
      -0.026128395192837675,
      -0.7143979961634995,
      1.131008929569376,
      0.007332381545087739,
      0.9995414116784276,
      -0.02938030838458596,
      0.1066989756080385,
      0.7148380418938641,
      0.015305989172314622,
      0.6991225218492129,
      2.686324802857171,
      0.0,
      0.0,
      0.0,
      1.0
    ],
    "img_size": [
      1920,
      1080
    ]
  },
  "000044.jpg": {
    "K": [
      1827.9276301649456,
      0.0,
      960.0,
      0.0,
      0.0,
      1862.600450061271,
      540.0,
      0.0,
      0.0,
      0.0,
      1.0,
      0.0,
      0.0,
      0.0,
      0.0,
      1.0
    ],
    "W2C": [
      0.654020312383572,
      -0.030112324916061417,
      -0.755877423183048,
      1.2552250698207799,
      0.008396511737889988,
      0.9994348380303437,
      -0.03255000955293194,
      0.14020758225127758,
      0.756430386473422,
      0.014941633759734294,
      0.6539035234652428,
      2.8856456666801336,
      0.0,
      0.0,
      0.0,
      1.0
    ],
    "img_size": [
      1920,
      1080
    ]
  },
  "000045.jpg": {
    "K": [
      1827.9276301649456,
      0.0,
      960.0,
      0.0,
      0.0,
      1862.600450061271,
      540.0,
      0.0,
      0.0,
      0.0,
      1.0,
      0.0,
      0.0,
      0.0,
      0.0,
      1.0
    ],
    "W2C": [
      0.6098165685640167,
      -0.03016753560817416,
      -0.7919682269511431,
      1.3464925784257178,
      0.0065217147979473224,
      0.9994324707735912,
      -0.033048503740548456,
      0.1391524191483501,
      0.7925157537493511,
      0.01498853424202496,
      0.6096672239020019,
      3.013168103145736,
      0.0,
      0.0,
      0.0,
      1.0
    ],
    "img_size": [
      1920,
      1080
    ]
  },
  "000046.jpg": {
    "K": [
      1827.9276301649456,
      0.0,
      960.0,
      0.0,
      0.0,
      1862.600450061271,
      540.0,
      0.0,
      0.0,
      0.0,
      1.0,
      0.0,
      0.0,
      0.0,
      0.0,
      1.0
    ],
    "W2C": [
      0.5667279583563234,
      -0.036734793050536674,
      -0.8230856432940669,
      1.4473994456187123,
      0.006971699211127284,
      0.9991835892468458,
      -0.03979384864398213,
      0.11940833887343694,
      0.8238754861187357,
      0.0168139810671011,
      0.5665213794847395,
      3.102242673877958,
      0.0,
      0.0,
      0.0,
      1.0
    ],
    "img_size": [
      1920,
      1080
    ]
  },
  "000047.jpg": {
    "K": [
      1827.9276301649456,
      0.0,
      960.0,
      0.0,
      0.0,
      1862.600450061271,
      540.0,
      0.0,
      0.0,
      0.0,
      1.0,
      0.0,
      0.0,
      0.0,
      0.0,
      1.0
    ],
    "W2C": [
      0.5252361816552726,
      -0.03981667505646626,
      -0.8500244619230891,
      1.6162605268497923,
      0.007784618940804095,
      0.9990877500583839,
      -0.04198889604672435,
      0.11754728961491452,
      0.8509208853871998,
      0.015436970905068377,
      0.5250669926220273,
      3.1859638228815284,
      0.0,
      0.0,
      0.0,
      1.0
    ],
    "img_size": [
      1920,
      1080
    ]
  },
  "000048.jpg": {
    "K": [
      1827.9276301649456,
      0.0,
      960.0,
      0.0,
      0.0,
      1862.600450061271,
      540.0,
      0.0,
      0.0,
      0.0,
      1.0,
      0.0,
      0.0,
      0.0,
      0.0,
      1.0
    ],
    "W2C": [
      0.48580793140549694,
      -0.041528865435480664,
      -0.8730784656141477,
      1.766019690624295,
      0.01120492498200432,
      0.9990844685838294,
      -0.0412877014462595,
      0.13661137971576562,
      0.8739937662475976,
      0.010275114121485102,
      0.4858284868038625,
      3.289710036843376,
      0.0,
      0.0,
      0.0,
      1.0
    ],
    "img_size": [
      1920,
      1080
    ]
  },
  "000049.jpg": {
    "K": [
      1827.9276301649456,
      0.0,
      960.0,
      0.0,
      0.0,
      1862.600450061271,
      540.0,
      0.0,
      0.0,
      0.0,
      1.0,
      0.0,
      0.0,
      0.0,
      0.0,
      1.0
    ],
    "W2C": [
      0.4489409565721258,
      -0.044643352778224524,
      -0.8924455101376353,
      1.8758633316583981,
      0.013015111743842985,
      0.9989719100059326,
      -0.04342499148410844,
      0.17189234311704735,
      0.8934666330526285,
      0.007879979176279781,
      0.44906044309177523,
      3.425532292185596,
      0.0,
      0.0,
      0.0,
      1.0
    ],
    "img_size": [
      1920,
      1080
    ]
  },
  "000050.jpg": {
    "K": [
      1827.9276301649456,
      0.0,
      960.0,
      0.0,
      0.0,
      1862.600450061271,
      540.0,
      0.0,
      0.0,
      0.0,
      1.0,
      0.0,
      0.0,
      0.0,
      0.0,
      1.0
    ],
    "W2C": [
      0.4102214156273852,
      -0.044752693867629395,
      -0.9108872523821236,
      1.9847288742973328,
      0.013296218950662887,
      0.9989825889421936,
      -0.04309289444872199,
      0.17134360469714935,
      0.9118890287322687,
      0.005566271817195783,
      0.41039909343927283,
      3.579921686396695,
      0.0,
      0.0,
      0.0,
      1.0
    ],
    "img_size": [
      1920,
      1080
    ]
  },
  "000051.jpg": {
    "K": [
      1827.9276301649456,
      0.0,
      960.0,
      0.0,
      0.0,
      1862.600450061271,
      540.0,
      0.0,
      0.0,
      0.0,
      1.0,
      0.0,
      0.0,
      0.0,
      0.0,
      1.0
    ],
    "W2C": [
      0.3700620806065725,
      -0.044229510173738204,
      -0.9279535586045919,
      2.0888791844323826,
      0.0168203283938407,
      0.9990212860065334,
      -0.0409090046148228,
      0.18630915649286794,
      0.9288547427073073,
      -0.0004696122266571365,
      0.37044385055565254,
      3.7493604018553635,
      0.0,
      0.0,
      0.0,
      1.0
    ],
    "img_size": [
      1920,
      1080
    ]
  },
  "000052.jpg": {
    "K": [
      1827.9276301649456,
      0.0,
      960.0,
      0.0,
      0.0,
      1862.600450061271,
      540.0,
      0.0,
      0.0,
      0.0,
      1.0,
      0.0,
      0.0,
      0.0,
      0.0,
      1.0
    ],
    "W2C": [
      0.3330026747696965,
      -0.043757067069500735,
      -0.9419100475510934,
      2.2060613009370873,
      0.014023543452202351,
      0.9990420235853316,
      -0.041453291058372164,
      0.18653561505440192,
      0.9428215943778929,
      0.0005951403205459334,
      0.33329729519263573,
      3.9245046112635853,
      0.0,
      0.0,
      0.0,
      1.0
    ],
    "img_size": [
      1920,
      1080
    ]
  },
  "000053.jpg": {
    "K": [
      1827.9276301649456,
      0.0,
      960.0,
      0.0,
      0.0,
      1862.600450061271,
      540.0,
      0.0,
      0.0,
      0.0,
      1.0,
      0.0,
      0.0,
      0.0,
      0.0,
      1.0
    ],
    "W2C": [
      0.29942440984796004,
      -0.04747476571886428,
      -0.9529381771170364,
      2.322803768895977,
      0.016405612328697198,
      0.998869842896511,
      -0.044608214893897866,
      0.20273328168129004,
      0.9539789718182061,
      -0.0022767458880211407,
      0.29986486582599164,
      4.118139386584407,
      0.0,
      0.0,
      0.0,
      1.0
    ],
    "img_size": [
      1920,
      1080
    ]
  },
  "000054.jpg": {
    "K": [
      1827.9276301649456,
      0.0,
      960.0,
      0.0,
      0.0,
      1862.600450061271,
      540.0,
      0.0,
      0.0,
      0.0,
      1.0,
      0.0,
      0.0,
      0.0,
      0.0,
      1.0
    ],
    "W2C": [
      0.27713924023431985,
      -0.05037439437315759,
      -0.9595083438479741,
      2.449853814471933,
      0.01605761604558477,
      0.9987280654102397,
      -0.04779544255316503,
      0.21445915661040016,
      0.9606955784686828,
      -0.0021614239421984616,
      0.2775956299318589,
      4.211290691605759,
      0.0,
      0.0,
      0.0,
      1.0
    ],
    "img_size": [
      1920,
      1080
    ]
  },
  "000055.jpg": {
    "K": [
      1827.9276301649456,
      0.0,
      960.0,
      0.0,
      0.0,
      1862.600450061271,
      540.0,
      0.0,
      0.0,
      0.0,
      1.0,
      0.0,
      0.0,
      0.0,
      0.0,
      1.0
    ],
    "W2C": [
      0.2529427461062784,
      -0.05174937140091963,
      -0.9660962528401738,
      2.5865364031127602,
      0.007307744068174041,
      0.9986421594226803,
      -0.05157939802130525,
      0.208926486039239,
      0.9674536495713111,
      0.005986650417039743,
      0.2529774613437634,
      4.2155314208558154,
      0.0,
      0.0,
      0.0,
      1.0
    ],
    "img_size": [
      1920,
      1080
    ]
  },
  "000056.jpg": {
    "K": [
      1827.9276301649456,
      0.0,
      960.0,
      0.0,
      0.0,
      1862.600450061271,
      540.0,
      0.0,
      0.0,
      0.0,
      1.0,
      0.0,
      0.0,
      0.0,
      0.0,
      1.0
    ],
    "W2C": [
      0.22890064178942118,
      -0.05253939613280045,
      -0.9720309192831225,
      2.728772614382895,
      0.0044826583280907495,
      0.9985887325372709,
      -0.05291926892844188,
      0.1938443387766504,
      0.9734394701072611,
      0.007755972125261125,
      0.22881311792309356,
      4.210625921974602,
      0.0,
      0.0,
      0.0,
      1.0
    ],
    "img_size": [
      1920,
      1080
    ]
  },
  "000057.jpg": {
    "K": [
      1827.9276301649456,
      0.0,
      960.0,
      0.0,
      0.0,
      1862.600450061271,
      540.0,
      0.0,
      0.0,
      0.0,
      1.0,
      0.0,
      0.0,
      0.0,
      0.0,
      1.0
    ],
    "W2C": [
      0.19274313463929532,
      -0.05737694961906412,
      -0.9795702984992094,
      2.7789972425798344,
      0.004968507730046399,
      0.9983332381272876,
      -0.05749834416069045,
      0.20519559783813712,
      0.9812366676701167,
      0.006215408489883313,
      0.1927069555489602,
      4.232063531086203,
      0.0,
      0.0,
      0.0,
      1.0
    ],
    "img_size": [
      1920,
      1080
    ]
  },
  "000058.jpg": {
    "K": [
      1827.9276301649456,
      0.0,
      960.0,
      0.0,
      0.0,
      1862.600450061271,
      540.0,
      0.0,
      0.0,
      0.0,
      1.0,
      0.0,
      0.0,
      0.0,
      0.0,
      1.0
    ],
    "W2C": [
      0.14213728827646635,
      -0.05890879043137669,
      -0.9880924783092546,
      2.7490385337871124,
      0.006052965694986751,
      0.9982605922492258,
      -0.05864427993010156,
      0.22676191991814257,
      0.9898284461904032,
      0.002354649047510275,
      0.14224662646317848,
      4.373546935693128,
      0.0,
      0.0,
      0.0,
      1.0
    ],
    "img_size": [
      1920,
      1080
    ]
  },
  "000059.jpg": {
    "K": [
      1827.9276301649456,
      0.0,
      960.0,
      0.0,
      0.0,
      1862.600450061271,
      540.0,
      0.0,
      0.0,
      0.0,
      1.0,
      0.0,
      0.0,
      0.0,
      0.0,
      1.0
    ],
    "W2C": [
      0.08058333753277157,
      -0.06077334512017396,
      -0.9948934245611354,
      2.682914950469258,
      0.003412238961164082,
      0.9981504704759876,
