{
  "000001.jpg": {
    "K": [
      1827.9276301649456,
      0.0,
      960.0,
      0.0,
      0.0,
      1862.600450061271,
      540.0,
      0.0,
      0.0,
      0.0,
      1.0,
      0.0,
      0.0,
      0.0,
      0.0,
      1.0
    ],
    "W2C": [
      -0.19833899722588108,
      0.005710786159470681,
      0.9801168446164332,
      -0.37128973151051,
      -0.06620066743735722,
      0.997621408009053,
      -0.019209318386755485,
      0.018917570590547498,
      -0.9778952468492117,
      -0.06869434622642613,
      -0.1974891718202381,
      0.8295976987609963,
      0.0,
      0.0,
      0.0,
      1.0
    ],
    "img_size": [
      1920,
      1080
    ]
  },
  "000002.jpg": {
    "K": [
      1827.9276301649456,
      0.0,
      960.0,
      0.0,
      0.0,
      1862.600450061271,
      540.0,
      0.0,
      0.0,
      0.0,
      1.0,
      0.0,
      0.0,
      0.0,
      0.0,
      1.0
    ],
    "W2C": [
      -0.17343611782698104,
      0.007705777899600153,
      0.9848149745104748,
      -0.3628787134040376,
      -0.06656145145992111,
      0.9975912158765861,
      -0.019527907860899654,
      0.016948726757658773,
      -0.9825932455561937,
      -0.06893755865155984,
      -0.17250543989830772,
      0.7915920903391286,
      0.0,
      0.0,
      0.0,
      1.0
    ],
    "img_size": [
      1920,
      1080
    ]
  },
  "000003.jpg": {
    "K": [
      1827.9276301649456,
      0.0,
      960.0,
      0.0,
      0.0,
      1862.600450061271,
      540.0,
      0.0,
      0.0,
      0.0,
      1.0,
      0.0,
      0.0,
      0.0,
      0.0,
      1.0
    ],
    "W2C": [
      -0.1422670858299802,
      0.009767663524389363,
      0.9897801114584591,
      -0.3477811597022079,
      -0.06649002239067082,
      0.9975984391682373,
      -0.019401832170829796,
      0.017283509062239046,
      -0.9875926048791238,
      -0.06857074389541992,
      -0.14127597060256078,
      0.7502026887361798,
      0.0,
      0.0,
      0.0,
      1.0
    ],
    "img_size": [
      1920,
      1080
    ]
  },
  "000004.jpg": {
    "K": [
      1827.9276301649456,
      0.0,
      960.0,
      0.0,
      0.0,
      1862.600450061271,
      540.0,
      0.0,
      0.0,
      0.0,
      1.0,
      0.0,
      0.0,
      0.0,
      0.0,
      1.0
    ],
    "W2C": [
      -0.10514275659935723,
      0.0117538132764184,
      0.9943876752092978,
      -0.3393017063243253,
      -0.06595879596989382,
      0.9976458557935617,
      -0.018766556746906148,
      0.018091428389222484,
      -0.9922673218285942,
      -0.06756178129235509,
      -0.10411996801629234,
      0.7108190078294329,
      0.0,
      0.0,
      0.0,
      1.0
    ],
    "img_size": [
      1920,
      1080
    ]
  },
  "000005.jpg": {
    "K": [
      1827.9276301649456,
      0.0,
      960.0,
      0.0,
      0.0,
      1862.600450061271,
      540.0,
      0.0,
      0.0,
      0.0,
      1.0,
      0.0,
      0.0,
      0.0,
      0.0,
      1.0
    ],
    "W2C": [
      -0.0633119445864873,
      0.014012960637684474,
      0.997895402638395,
      -0.3413102786433871,
      -0.06673240728947125,
      0.9976041240271438,
      -0.018242739415660614,
      0.015736675684153434,
      -0.9957602038091452,
      -0.06774694574814631,
      -0.06222513842305246,
      0.6711654044407861,
      0.0,
      0.0,
      0.0,
      1.0
    ],
    "img_size": [
      1920,
      1080
    ]
  },
  "000006.jpg": {
    "K": [
      1827.9276301649456,
      0.0,
      960.0,
      0.0,
      0.0,
      1862.600450061271,
      540.0,
      0.0,
      0.0,
      0.0,
      1.0,
      0.0,
      0.0,
      0.0,
      0.0,
      1.0
    ],
    "W2C": [
      -0.01825225560278194,
      0.01577531522030072,
      0.9997089549439432,
      -0.342067988100713,
      -0.06547945664646922,
      0.9977101291962417,
      -0.016939269656687097,
      0.011483558069550398,
      -0.9976869729141972,
      -0.06576957905383729,
      -0.017177501226522326,
      0.6251070705633799,
      0.0,
      0.0,
      0.0,
      1.0
    ],
    "img_size": [
      1920,
      1080
    ]
  },
  "000007.jpg": {
    "K": [
      1827.9276301649456,
      0.0,
      960.0,
      0.0,
      0.0,
      1862.600450061271,
      540.0,
      0.0,
      0.0,
      0.0,
      1.0,
      0.0,
      0.0,
      0.0,
      0.0,
      1.0
    ],
    "W2C": [
      0.03379567866845525,
      0.017421085198776918,
      0.9992769175227836,
      -0.3421722429084254,
      -0.0653388125251318,
      0.9977475962366988,
      -0.015184656127004608,
      0.013613239757432465,
      -0.9972906756212777,
      -0.06477839141555349,
      0.03485783017442637,
      0.5810269817341849,
      0.0,
      0.0,
      0.0,
      1.0
    ],
    "img_size": [
      1920,
      1080
    ]
  },
  "000008.jpg": {
    "K": [
      1827.9276301649456,
      0.0,
      960.0,
      0.0,
      0.0,
      1862.600450061271,
      540.0,
      0.0,
      0.0,
      0.0,
      1.0,
      0.0,
      0.0,
      0.0,
      0.0,
      1.0
    ],
    "W2C": [
      0.09161793233975457,
      0.019344562748923842,
      0.9956063189664083,
      -0.34710408257986086,
      -0.06741030531659332,
      0.9976382697983787,
      -0.01318079553067548,
      0.01651419079562912,
      -0.9935099421802038,
      -0.06590652870354159,
      0.09270557838305862,
      0.5484915247715695,
      0.0,
      0.0,
      0.0,
      1.0
    ],
    "img_size": [
      1920,
      1080
    ]
  },
  "000009.jpg": {
    "K": [
      1827.9276301649456,
      0.0,
      960.0,
      0.0,
      0.0,
      1862.600450061271,
      540.0,
      0.0,
      0.0,
      0.0,
      1.0,
      0.0,
      0.0,
      0.0,
      0.0,
      1.0
    ],
    "W2C": [
      0.15445937738978405,
      0.023815719489412107,
      0.9877120593784214,
      -0.3483773507423285,
      -0.06920845524080223,
      0.9975145002715099,
      -0.013229190121164773,
      0.017837422612205604,
      -0.9855721640040075,
      -0.06631465338280589,
      0.1557237178055294,
      0.5156581889810699,
      0.0,
      0.0,
      0.0,
      1.0
    ],
    "img_size": [
      1920,
      1080
    ]
  },
  "000010.jpg": {
    "K": [
      1827.9276301649456,
      0.0,
      960.0,
      0.0,
      0.0,
      1862.600450061271,
      540.0,
      0.0,
      0.0,
      0.0,
      1.0,
      0.0,
      0.0,
      0.0,
      0.0,
      1.0
    ],
    "W2C": [
      0.2220601239494192,
      0.030244965938218443,
      0.9745637708159302,
      -0.3390013912516711,
      -0.07009566949891427,
      0.9974277478453016,
      -0.014982821688460391,
      0.02108179034639125,
      -0.9725101019881838,
      -0.0649856127434775,
      0.22360897045352904,
      0.48756724484823966,
      0.0,
      0.0,
      0.0,
      1.0
    ],
    "img_size": [
      1920,
      1080
    ]
  },
  "000011.jpg": {
    "K": [
      1827.9276301649456,
      0.0,
      960.0,
      0.0,
      0.0,
      1862.600450061271,
      540.0,
      0.0,
      0.0,
      0.0,
      1.0,
      0.0,
      0.0,
      0.0,
      0.0,
      1.0
    ],
    "W2C": [
      0.29344471953261264,
      0.03384035909400507,
      0.9553769029418785,
      -0.3266707484078122,
      -0.07157856646764583,
      0.99734573369375,
      -0.013341525599139462,
      0.0231524217742318,
      -0.9532925602357669,
      -0.0644695089113022,
      0.29508808349350946,
      0.45804648325995523,
      0.0,
      0.0,
      0.0,
      1.0
    ],
    "img_size": [
      1920,
      1080
    ]
  },
  "000012.jpg": {
    "K": [
      1827.9276301649456,
      0.0,
      960.0,
      0.0,
      0.0,
      1862.600450061271,
      540.0,
      0.0,
      0.0,
      0.0,
      1.0,
      0.0,
      0.0,
      0.0,
      0.0,
      1.0
    ],
    "W2C": [
      0.36546062730421264,
      0.035104467594558285,
      0.9301646124451919,
      -0.3243620882365032,
      -0.07110964722053345,
      0.997421301950174,
      -0.009703838837844902,
      0.021954711861786675,
      -0.9281066468690883,
      -0.06259730641906405,
      0.3670144810038089,
      0.42918003135508065,
      0.0,
      0.0,
      0.0,
      1.0
    ],
    "img_size": [
      1920,
      1080
    ]
  },
  "000013.jpg": {
    "K": [
      1827.9276301649456,
      0.0,
      960.0,
      0.0,
      0.0,
      1862.600450061271,
      540.0,
      0.0,
      0.0,
      0.0,
      1.0,
      0.0,
      0.0,
      0.0,
      0.0,
      1.0
    ],
    "W2C": [
      0.433540644785476,
      0.03618011970655406,
      0.9004074123734286,
      -0.32191930495853444,
      -0.07228764931011374,
      0.9973699016589406,
      -0.0052702013295214765,
      0.015370087428702297,
      -0.898229928846847,
      -0.06280348877932734,
      0.43501576606018894,
      0.3959568326769252,
      0.0,
      0.0,
      0.0,
      1.0
    ],
    "img_size": [
      1920,
      1080
    ]
  },
  "000014.jpg": {
    "K": [
      1827.9276301649456,
      0.0,
      960.0,
      0.0,
      0.0,
      1862.600450061271,
      540.0,
      0.0,
      0.0,
      0.0,
      1.0,
      0.0,
      0.0,
      0.0,
      0.0,
      1.0
    ],
    "W2C": [
      0.49871137758908446,
      0.037687425880200166,
      0.8659483932623941,
      -0.311280782251877,
      -0.07345326609078659,
      0.9972980522247734,
      -0.0011012398782134062,
      0.010656679471281044,
      -0.8636501488240441,
      -0.06305753689447188,
      0.5001321500133826,
      0.36249596109141075,
      0.0,
      0.0,
      0.0,
      1.0
    ],
    "img_size": [
      1920,
      1080
    ]
  },
  "000015.jpg": {
    "K": [
      1827.9276301649456,
      0.0,
      960.0,
      0.0,
      0.0,
      1862.600450061271,
      540.0,
      0.0,
      0.0,
      0.0,
      1.0,
      0.0,
      0.0,
      0.0,
      0.0,
      1.0
    ],
    "W2C": [
      0.5628018148691138,
      0.03909126580177458,
      0.8256669971108489,
      -0.3004487564343848,
      -0.07230759541001211,
      0.9973802396678956,
      0.0020661960296955518,
      0.013101098632317034,
      -0.8234231772460948,
      -0.060864854045878915,
      0.5641540044313433,
      0.33730614078904886,
      0.0,
      0.0,
      0.0,
      1.0
    ],
    "img_size": [
      1920,
      1080
    ]
  },
  "000016.jpg": {
    "K": [
      1827.9276301649456,
      0.0,
      960.0,
      0.0,
      0.0,
      1862.600450061271,
      540.0,
      0.0,
      0.0,
      0.0,
      1.0,
      0.0,
      0.0,
      0.0,
      0.0,
      1.0
    ],
    "W2C": [
      0.6255563787134937,
      0.04141092514868274,
      0.7790791694874086,
      -0.2912547822740344,
      -0.07189518744531057,
      0.9974010612613351,
      0.004712219961575732,
      0.021442062777216185,
      -0.7768592530652281,
      -0.05895980217989888,
      0.626907842233484,
      0.3170825378583869,
      0.0,
      0.0,
      0.0,
      1.0
    ],
    "img_size": [
      1920,
      1080
    ]
  },
  "000017.jpg": {
    "K": [
      1827.9276301649456,
      0.0,
      960.0,
      0.0,
      0.0,
      1862.600450061271,
      540.0,
      0.0,
      0.0,
      0.0,
      1.0,
      0.0,
      0.0,
      0.0,
      0.0,
      1.0
    ],
    "W2C": [
      0.6822176033814636,
      0.04200454948972571,
      0.7299416137326448,
      -0.2749752907958721,
      -0.06977545854361365,
      0.9975321461346507,
      0.007810429759454303,
      0.02257118668978722,
      -0.7278121509163477,
      -0.05626042348013476,
      0.6834648767335126,
      0.3045315208679729,
      0.0,
      0.0,
      0.0,
      1.0
    ],
    "img_size": [
      1920,
      1080
    ]
  },
  "000018.jpg": {
    "K": [
      1827.9276301649456,
      0.0,
      960.0,
      0.0,
      0.0,
      1862.600450061271,
      540.0,
      0.0,
      0.0,
      0.0,
      1.0,
      0.0,
      0.0,
      0.0,
      0.0,
      1.0
    ],
    "W2C": [
      0.7318858389059988,
      0.040590437850919744,
      0.6802172705569399,
      -0.2555980435992649,
      -0.06619210148846882,
      0.9977385090459082,
      0.01168217733936021,
      0.02693061667709647,
      -0.6782047806595015,
      -0.05357503076918051,
      0.7329174520835744,
      0.3010409820840598,
      0.0,
      0.0,
      0.0,
      1.0
    ],
    "img_size": [
      1920,
      1080
    ]
  },
  "000019.jpg": {
    "K": [
      1827.9276301649456,
      0.0,
      960.0,
      0.0,
      0.0,
      1862.600450061271,
      540.0,
      0.0,
      0.0,
      0.0,
      1.0,
      0.0,
      0.0,
      0.0,
      0.0,
      1.0
    ],
    "W2C": [
      0.776219419465572,
      0.03826253109125501,
      0.629300716318535,
      -0.2338370217546802,
      -0.06374631621642017,
      0.997804502350593,
      0.017960575094393468,
      0.02966845805979105,
      -0.6272318710121214,
      -0.05405694963069896,
      0.7769543269608952,
      0.298136268150419,
      0.0,
      0.0,
      0.0,
      1.0
    ],
    "img_size": [
      1920,
      1080
    ]
  },
  "000020.jpg": {
    "K": [
      1827.9276301649456,
      0.0,
      960.0,
      0.0,
      0.0,
      1862.600450061271,
      540.0,
      0.0,
      0.0,
      0.0,
      1.0,
      0.0,
      0.0,
      0.0,
      0.0,
      1.0
    ],
    "W2C": [
      0.8144240465904902,
      0.03683078169422498,
      0.5791001345665217,
      -0.2151988133874637,
      -0.06150464185632885,
      0.9978409521471752,
      0.023035043914512585,
      0.029839461250877202,
      -0.5770014309906829,
      -0.05437764005371274,
      0.8149309301388021,
      0.2889764942935557,
      0.0,
      0.0,
      0.0,
      1.0
    ],
    "img_size": [
      1920,
      1080
    ]
  },
  "000021.jpg": {
    "K": [
      1827.9276301649456,
      0.0,
      960.0,
      0.0,
      0.0,
      1862.600450061271,
      540.0,
      0.0,
      0.0,
      0.0,
      1.0,
      0.0,
      0.0,
      0.0,
      0.0,
      1.0
    ],
    "W2C": [
      0.8463262899983172,
      0.035268504801439234,
      0.5314959486456652,
      -0.19465014145632942,
      -0.0593295990041704,
      0.9978383567923134,
      0.02825973099695413,
      0.024490154520541072,
      -0.5293503655800088,
      -0.05545039479649107,
      0.8465893007694019,
      0.27496307835988965,
      0.0,
      0.0,
      0.0,
      1.0
    ],
    "img_size": [
      1920,
      1080
    ]
  },
  "000022.jpg": {
    "K": [
      1827.9276301649456,
      0.0,
      960.0,
      0.0,
      0.0,
      1862.600450061271,
      540.0,
      0.0,
      0.0,
      0.0,
      1.0,
      0.0,
      0.0,
      0.0,
      0.0,
      1.0
    ],
    "W2C": [
      0.8700460442735045,
      0.03444547272013298,
      0.4917655846570741,
      -0.1754223591452976,
      -0.05863148053194484,
      0.9977056742693835,
      0.03384873736651838,
      0.020694597693018988,
      -0.48947137846319433,
      -0.05828290435249379,
      0.8700694643105108,
      0.2601562459703423,
      0.0,
      0.0,
      0.0,
      1.0
    ],
    "img_size": [
      1920,
      1080
    ]
  },
  "000023.jpg": {
    "K": [
      1827.9276301649456,
      0.0,
      960.0,
      0.0,
      0.0,
      1862.600450061271,
      540.0,
      0.0,
      0.0,
      0.0,
      1.0,
      0.0,
      0.0,
      0.0,
      0.0,
      1.0
    ],
    "W2C": [
      0.894394016520701,
      0.03280249568333418,
      0.44607548631247684,
      -0.16043815714181578,
      -0.05576672596488358,
      0.997703312570886,
      0.03844700716881133,
      0.02237571150800695,
      -0.44378983256393495,
      -0.059262942569753424,
      0.89416916081402,
      0.2559340991600139,
      0.0,
      0.0,
      0.0,
      1.0
    ],
    "img_size": [
      1920,
      1080
    ]
  },
  "000024.jpg": {
    "K": [
      1827.9276301649456,
      0.0,
      960.0,
      0.0,
      0.0,
      1862.600450061271,
      540.0,
      0.0,
      0.0,
      0.0,
      1.0,
      0.0,
      0.0,
      0.0,
      0.0,
      1.0
    ],
    "W2C": [
      0.9205438404369202,
      0.031600888258916146,
      0.3893589882035519,
      -0.1474539127187418,
      -0.05182044802566388,
      0.9977923220857182,
      0.04153460187855416,
      0.024221016074497777,
      -0.3871868786517249,
      -0.05841117913583001,
      0.9201491483188452,
      0.2606826846510438,
      0.0,
      0.0,
      0.0,
      1.0
    ],
    "img_size": [
      1920,
      1080
    ]
  },
  "000025.jpg": {
    "K": [
      1827.9276301649456,
      0.0,
      960.0,
      0.0,
      0.0,
      1862.600450061271,
      540.0,
      0.0,
      0.0,
      0.0,
      1.0,
      0.0,
      0.0,
      0.0,
      0.0,
      1.0
    ],
    "W2C": [
      0.9454667104548742,
      0.028901520220074903,
      0.32443397101815286,
      -0.13604611717276804,
      -0.04563275787186194,
      0.9979852849032289,
      0.04407972919187623,
      0.020390278115864892,
      -0.3225063578143026,
      -0.05648073340166296,
      0.9448807204741577,
      0.2710662292114315,
      0.0,
      0.0,
      0.0,
      1.0
    ],
    "img_size": [
      1920,
      1080
    ]
  },
  "000026.jpg": {
    "K": [
      1827.9276301649456,
      0.0,
      960.0,
      0.0,
      0.0,
      1862.600450061271,
      540.0,
      0.0,
      0.0,
      0.0,
      1.0,
      0.0,
      0.0,
      0.0,
      0.0,
      1.0
    ],
    "W2C": [
      0.9672361060665589,
      0.02683502769859186,
      0.2524563257468832,
      -0.12303117235173291,
      -0.039119790801562075,
      0.9982755475033562,
      0.043767262017589556,
      0.019401789764866565,
      -0.2508464811171219,
      -0.052209314736837216,
      0.9666179340183315,
      0.2897803139858438,
      0.0,
      0.0,
      0.0,
      1.0
    ],
    "img_size": [
      1920,
      1080
    ]
  },
  "000027.jpg": {
    "K": [
      1827.9276301649456,
      0.0,
      960.0,
      0.0,
      0.0,
      1862.600450061271,
      540.0,
      0.0,
      0.0,
      0.0,
      1.0,
      0.0,
      0.0,
      0.0,
      0.0,
      1.0
    ],
    "W2C": [
      0.9826959473174569,
      0.02362309295680152,
      0.18371343066036416,
      -0.11074207469236845,
      -0.031407391588235016,
      0.9987227662902866,
      0.039577921207424566,
      0.023725926937048215,
      -0.1825438327620777,
      -0.04466302243055387,
      0.9821827546581637,
      0.3093103887166078,
      0.0,
      0.0,
      0.0,
      1.0
    ],
    "img_size": [
      1920,
      1080
    ]
  },
  "000028.jpg": {
    "K": [
      1827.9276301649456,
      0.0,
      960.0,
      0.0,
      0.0,
      1862.600450061271,
      540.0,
      0.0,
      0.0,
      0.0,
      1.0,
      0.0,
      0.0,
      0.0,
      0.0,
      1.0
    ],
    "W2C": [
      0.9925991308205688,
      0.02111642983891713,
      0.11958704731328176,
      -0.10006190881135439,
      -0.025226851506832876,
      0.9991381595774539,
      0.032962767469232226,
      0.019196419338571608,
      -0.11878792639533366,
      -0.03573561902411319,
      0.9922763698061443,
      0.31863162370073117,
      0.0,
      0.0,
      0.0,
      1.0
    ],
    "img_size": [
      1920,
      1080
    ]
  },
  "000029.jpg": {
    "K": [
      1827.9276301649456,
      0.0,
      960.0,
      0.0,
      0.0,
      1862.600450061271,
      540.0,
      0.0,
      0.0,
      0.0,
      1.0,
      0.0,
      0.0,
      0.0,
      0.0,
      1.0
    ],
    "W2C": [
      0.9980620078784641,
      0.018595083022140246,
      0.05938393147147362,
      -0.08722675683743657,
      -0.020126562600309553,
      0.999477373198053,
      0.025296283185792624,
      0.010960684977018454,
      -0.058882509351290246,
      -0.02644245360248752,
      0.9979146490256448,
      0.3172704874541363,
      0.0,
      0.0,
      0.0,
      1.0
    ],
    "img_size": [
      1920,
      1080
    ]
  },
  "000030.jpg": {
    "K": [
      1827.9276301649456,
      0.0,
      960.0,
      0.0,
      0.0,
      1862.600450061271,
      540.0,
      0.0,
      0.0,
      0.0,
      1.0,
      0.0,
      0.0,
      0.0,
      0.0,
      1.0
    ],
    "W2C": [
      0.9998305449629772,
      0.01590422845409725,
      0.009270214469784223,
      -0.06762559849557713,
      -0.016055745679054146,
      0.9997348484691554,
      0.016505931874464613,
      0.003777827795666247,
      -0.009005242346847051,
      -0.016651975067084875,
      0.9998207926106759,
      0.30694827845960443,
      0.0,
      0.0,
      0.0,
      1.0
    ],
    "img_size": [
      1920,
      1080
    ]
  },
  "000031.jpg": {
    "K": [
      1827.9276301649456,
      0.0,
      960.0,
      0.0,
      0.0,
      1862.600450061271,
      540.0,
      0.0,
      0.0,
      0.0,
      1.0,
      0.0,
      0.0,
      0.0,
      0.0,
      1.0
    ],
    "W2C": [
      0.9992644180905943,
      0.011538122408214828,
      -0.036571771482375844,
      -0.04497117126336521,
      -0.011215836059099819,
      0.9998965486804319,
      0.009005384969912818,
      0.0014678318440868553,
      0.036671893318473,
      -0.008588577778304525,
      0.9992904525573056,
      0.29595374913157213,
      0.0,
      0.0,
      0.0,
      1.0
    ],
    "img_size": [
      1920,
      1080
    ]
  },
  "000032.jpg": {
    "K": [
      1827.9276301649456,
      0.0,
      960.0,
      0.0,
      0.0,
      1862.600450061271,
      540.0,
      0.0,
      0.0,
      0.0,
      1.0,
      0.0,
      0.0,
      0.0,
      0.0,
      1.0
    ],
    "W2C": [
      0.9964415130364999,
      0.008871138051040835,
      -0.08381893585109489,
      -0.02992388760400758,
      -0.008596830473144088,
      0.9999564470150846,
      0.0036329848312808694,
      0.0038900606639686785,
      0.08384751399622174,
      -0.0028994797201689617,
      0.9964743787042423,
      0.2895739455555682,
      0.0,
      0.0,
      0.0,
      1.0
    ],
    "img_size": [
      1920,
      1080
    ]
  },
  "000033.jpg": {
    "K": [
      1827.9276301649456,
      0.0,
      960.0,
      0.0,
      0.0,
      1862.600450061271,
      540.0,
      0.0,
      0.0,
      0.0,
      1.0,
      0.0,
      0.0,
      0.0,
      0.0,
      1.0
    ],
    "W2C": [
      0.9890275686234243,
      0.0040745082682416365,
      -0.1476748688342392,
      -0.013101391770434621,
      -0.0056037123034869225,
      0.9999348889042261,
      -0.009940641856178366,
      0.010756613444391924,
      0.14762475033427652,
      0.010659096324974575,
      0.9889860043267942,
      0.29035490199254954,
      0.0,
      0.0,
      0.0,
      1.0
    ],
    "img_size": [
      1920,
      1080
    ]
  },
  "000034.jpg": {
    "K": [
      1827.9276301649456,
      0.0,
      960.0,
      0.0,
      0.0,
      1862.600450061271,
      540.0,
      0.0,
      0.0,
      0.0,
      1.0,
      0.0,
      0.0,
      0.0,
      0.0,
      1.0
    ],
    "W2C": [
      0.979798038588005,
      0.0030317816532940086,
      -0.19996652689664252,
      0.003608610308294874,
      -0.005177319008932457,
      0.9999344997449181,
      -0.010207428067843884,
      0.009191321336407116,
      0.19992248234497947,
      0.011036508500753774,
      0.979749558067333,
      0.29866457655691675,
      0.0,
      0.0,
      0.0,
      1.0
    ],
    "img_size": [
      1920,
      1080
    ]
  },
  "000035.jpg": {
    "K": [
      1827.9276301649456,
      0.0,
      960.0,
      0.0,
      0.0,
      1862.600450061271,
      540.0,
      0.0,
      0.0,
      0.0,
      1.0,
      0.0,
      0.0,
      0.0,
      0.0,
      1.0
    ],
    "W2C": [
      0.964567685786063,
      -0.0015650072211631544,
      -0.2638308744057762,
      0.028230752227622172,
      -0.0019456715082878833,
      0.999913020886367,
      -0.013044731667674758,
      0.008405019131989324,
      0.2638283417294295,
      0.013095854851727208,
      0.9644807435537539,
      0.31279024693391255,
      0.0,
      0.0,
      0.0,
      1.0
    ],
    "img_size": [
      1920,
      1080
    ]
  },
  "000036.jpg": {
    "K": [
      1827.9276301649456,
      0.0,
      960.0,
      0.0,
      0.0,
      1862.600450061271,
      540.0,
      0.0,
      0.0,
      0.0,
      1.0,
      0.0,
      0.0,
      0.0,
      0.0,
      1.0
    ],
    "W2C": [
      0.9437932729295254,
      -0.0006951332345132773,
      -0.3305355877402026,
      0.049358717096178714,
      -0.0006570805667499853,
      0.9999918669697725,
      -0.003979225984824416,
      0.009776833200846456,
      0.3305356655765058,
      0.00397275522726702,
      0.9437851402717682,
      0.32814265484076305,
      0.0,
      0.0,
      0.0,
      1.0
    ],
    "img_size": [
      1920,
      1080
    ]
  },
  "000037.jpg": {
    "K": [
      1827.9276301649456,
      0.0,
      960.0,
      0.0,
      0.0,
      1862.600450061271,
      540.0,
      0.0,
      0.0,
      0.0,
      1.0,
      0.0,
      0.0,
      0.0,
      0.0,
      1.0
    ],
    "W2C": [
      0.9223803188734767,
      -0.003105874285486765,
      -0.3862705022387632,
      0.06334359712122711,
      0.0003101353272924479,
      0.9999733074212517,
      -0.007299880895041622,
      0.007893900438736529,
      0.38628286419532315,
      0.006613470339071654,
      0.9223566614055172,
      0.33449600650150774,
      0.0,
      0.0,
      0.0,
      1.0
    ],
    "img_size": [
      1920,
      1080
    ]
  },
  "000038.jpg": {
    "K": [
      1827.9276301649456,
      0.0,
      960.0,
      0.0,
      0.0,
      1862.600450061271,
      540.0,
      0.0,
      0.0,
      0.0,
      1.0,
      0.0,
      0.0,
      0.0,
      0.0,
      1.0
    ],
    "W2C": [
      0.8959479438482602,
      -0.010505432076449002,
      -0.4440348159896501,
      0.0787756874251571,
      0.00044986203488920934,
      0.9997411932837494,
      -0.022745198960100303,
      0.003227928134796534,
      0.44415884493976354,
      0.02017875983483869,
      0.8957207924980324,
      0.33362087784857736,
      0.0,
      0.0,
      0.0,
      1.0
    ],
    "img_size": [
      1920,
      1080
    ]
  },
  "000039.jpg": {
    "K": [
      1827.9276301649456,
      0.0,
      960.0,
      0.0,
      0.0,
      1862.600450061271,
      540.0,
      0.0,
      0.0,
      0.0,
      1.0,
      0.0,
      0.0,
      0.0,
      0.0,
      1.0
    ],
    "W2C": [
      0.8646783847529868,
      -0.015216725746959611,
      -0.502095351699762,
      0.09660492704333054,
      0.0022737054072405876,
      0.9996493966675456,
      -0.026380182067861666,
      0.0020093067735611745,
      0.5023207353919276,
      0.021668756303818214,
      0.8644098239814026,
      0.33487891300735667,
      0.0,
      0.0,
      0.0,
      1.0
    ],
    "img_size": [
      1920,
      1080
    ]
  },
  "000040.jpg": {
    "K": [
      1827.9276301649456,
      0.0,
      960.0,
      0.0,
      0.0,
      1862.600450061271,
      540.0,
      0.0,
      0.0,
      0.0,
      1.0,
      0.0,
      0.0,
      0.0,
      0.0,
      1.0
    ],
    "W2C": [
      0.8276914403339246,
      -0.01899880869290408,
      -0.560861769838348,
      0.11113527943107819,
      0.005413427255181805,
      0.9996505643306167,
      -0.02587361665543572,
      0.007184726829986528,
      0.5611573526234032,
      0.018379186644952996,
      0.8275050640902228,
      0.3439660547265156,
      0.0,
      0.0,
      0.0,
      1.0
    ],
    "img_size": [
      1920,
      1080
    ]
  },
  "000041.jpg": {
    "K": [
      1827.9276301649456,
      0.0,
      960.0,
      0.0,
      0.0,
      1862.600450061271,
      540.0,
      0.0,
      0.0,
      0.0,
      1.0,
      0.0,
      0.0,
      0.0,
      0.0,
      1.0
    ],
    "W2C": [
      0.7885138478363117,
      -0.017090048144047826,
      -0.6147795068354245,
      0.12060707064150561,
      0.004393197248637002,
      0.9997448538716311,
      -0.022156871961657706,
      0.00821788093396094,
      0.6150013102330013,
      0.0147701527285554,
      0.7883877415333567,
      0.3563593194751893,
      0.0,
      0.0,
      0.0,
      1.0
    ],
    "img_size": [
      1920,
      1080
    ]
  },
  "000042.jpg": {
    "K": [
      1827.9276301649456,
      0.0,
      960.0,
      0.0,
      0.0,
      1862.600450061271,
      540.0,
      0.0,
      0.0,
      0.0,
      1.0,
      0.0,
      0.0,
      0.0,
      0.0,
      1.0
    ],
    "W2C": [
      0.744964924459502,
      -0.019144677077853355,
      -0.6668288705992218,
      0.13523576477287058,
      0.005507542846494514,
      0.999730559414203,
      -0.022549402323775,
      0.008618561301995335,
      0.6670809008634883,
      0.013125925222633193,
      0.7448696408031457,
      0.37805557338633455,
      0.0,
      0.0,
      0.0,
      1.0
    ],
    "img_size": [
      1920,
      1080
    ]
  },
  "000043.jpg": {
    "K": [
      1827.9276301649456,
      0.0,
      960.0,
      0.0,
      0.0,
      1862.600450061271,
      540.0,
      0.0,
      0.0,
      0.0,
      1.0,
      0.0,
      0.0,
      0.0,
      0.0,
      1.0
    ],
    "W2C": [
      0.6992516071073583,
      -0.026128395192837675,
      -0.7143979961635,
      0.15423257760728637,
      0.00733238154508774,
      0.9995414116784276,
      -0.029380308384585958,
      0.017096630775519234,
      0.7148380418938641,
      0.015305989172314622,
      0.6991225218492128,
      0.4088262900237454,
      0.0,
      0.0,
      0.0,
      1.0
    ],
    "img_size": [
      1920,
      1080
    ]
  },
  "000044.jpg": {
    "K": [
      1827.9276301649456,
      0.0,
      960.0,
      0.0,
      0.0,
      1862.600450061271,
      540.0,
      0.0,
      0.0,
      0.0,
      1.0,
      0.0,
      0.0,
      0.0,
      0.0,
      1.0
    ],
    "W2C": [
      0.6540203123835718,
      -0.03011232491606142,
      -0.755877423183048,
      0.17048688277371635,
      0.008396511737889984,
      0.9994348380303437,
      -0.03255000955293194,
      0.02182959079173652,
      0.7564303864734219,
      0.014941633759734292,
      0.6539035234652427,
      0.4368235054441899,
      0.0,
      0.0,
      0.0,
      1.0
    ],
    "img_size": [
      1920,
      1080
    ]
  },
  "000045.jpg": {
    "K": [
      1827.9276301649456,
      0.0,
      960.0,
      0.0,
      0.0,
      1862.600450061271,
      540.0,
      0.0,
      0.0,
      0.0,
      1.0,
      0.0,
      0.0,
      0.0,
      0.0,
      1.0
    ],
    "W2C": [
      0.6098165685640167,
      -0.030167535608174152,
      -0.7919682269511431,
      0.18217359232534897,
      0.006521714797947322,
      0.9994324707735911,
      -0.033048503740548456,
      0.021644153253530272,
      0.7925157537493511,
      0.014988534242024955,
      0.6096672239020019,
      0.45450871650484087,
      0.0,
      0.0,
      0.0,
      1.0
    ],
    "img_size": [
      1920,
      1080
    ]
  },
  "000046.jpg": {
    "K": [
      1827.9276301649456,
      0.0,
      960.0,
      0.0,
      0.0,
      1862.600450061271,
      540.0,
      0.0,
      0.0,
      0.0,
      1.0,
      0.0,
      0.0,
      0.0,
      0.0,
      1.0
    ],
    "W2C": [
      0.5667279583563234,
      -0.036734793050536674,
      -0.8230856432940669,
      0.19534905677783043,
      0.006971699211127282,
      0.9991835892468458,
      -0.039793848643982124,
      0.01867363890268945,
      0.8238754861187357,
      0.0168139810671011,
      0.5665213794847394,
      0.46666628839401647,
      0.0,
      0.0,
      0.0,
      1.0
    ],
    "img_size": [
      1920,
      1080
    ]
  },
  "000047.jpg": {
    "K": [
      1827.9276301649456,
      0.0,
      960.0,
      0.0,
      0.0,
      1862.600450061271,
      540.0,
      0.0,
      0.0,
      0.0,
      1.0,
      0.0,
      0.0,
      0.0,
      0.0,
      1.0
    ],
    "W2C": [
      0.5252361816552725,
      -0.03981667505646625,
      -0.8500244619230891,
      0.2183641079608674,
      0.007784618940804091,
      0.9990877500583839,
      -0.04198889604672436,
      0.018367855750169023,
      0.8509208853871997,
      0.015436970905068376,
      0.5250669926220273,
      0.4780351810986978,
      0.0,
      0.0,
      0.0,
      1.0
    ],
    "img_size": [
      1920,
      1080
    ]
  },
  "000048.jpg": {
    "K": [
      1827.9276301649456,
      0.0,
      960.0,
      0.0,
      0.0,
      1862.600450061271,
      540.0,
      0.0,
      0.0,
      0.0,
      1.0,
      0.0,
      0.0,
      0.0,
      0.0,
      1.0
    ],
    "W2C": [
      0.4858079314054969,
      -0.04152886543548065,
      -0.8730784656141477,
      0.2387643231195043,
      0.011204924982004318,
      0.999084468583829,
      -0.0412877014462595,
      0.021152227289650553,
      0.8739937662475976,
      0.0102751141214851,
      0.4858284868038624,
      0.49225903957468364,
      0.0,
      0.0,
      0.0,
      1.0
    ],
    "img_size": [
      1920,
      1080
    ]
  },
  "000049.jpg": {
    "K": [
      1827.9276301649456,
      0.0,
      960.0,
      0.0,
      0.0,
      1862.600450061271,
      540.0,
      0.0,
      0.0,
      0.0,
      1.0,
      0.0,
      0.0,
      0.0,
      0.0,
      1.0
    ],
    "W2C": [
      0.4489409565721257,
      -0.044643352778224524,
      -0.8924455101376352,
      0.2535685192372814,
      0.013015111743842981,
      0.9989719100059326,
      -0.04342499148410844,
      0.026171179894649524,
      0.8934666330526284,
      0.00787997917627978,
      0.44906044309177523,
      0.5110872584995865,
      0.0,
      0.0,
      0.0,
      1.0
    ],
    "img_size": [
      1920,
      1080
    ]
  },
  "000050.jpg": {
    "K": [
      1827.9276301649456,
      0.0,
      960.0,
      0.0,
      0.0,
      1862.600450061271,
      540.0,
      0.0,
      0.0,
      0.0,
      1.0,
      0.0,
      0.0,
      0.0,
      0.0,
      1.0
    ],
    "W2C": [
      0.4102214156273851,
      -0.0447526938676294,
      -0.9108872523821239,
      0.26823796044562437,
      0.013296218950662889,
      0.9989825889421937,
      -0.043092894448722004,
      0.026103727666170546,
      0.9118890287322687,
      0.00556627181719578,
      0.4103990934392727,
      0.5325148776291054,
      0.0,
      0.0,
      0.0,
      1.0
    ],
    "img_size": [
      1920,
      1080
    ]
  },
  "000051.jpg": {
    "K": [
      1827.9276301649456,
      0.0,
      960.0,
      0.0,
      0.0,
      1862.600450061271,
      540.0,
      0.0,
      0.0,
      0.0,
      1.0,
      0.0,
      0.0,
      0.0,
      0.0,
      1.0
    ],
    "W2C": [
      0.3700620806065725,
      -0.04422951017373821,
      -0.927953558604592,
      0.2822478243983624,
      0.0168203283938407,
      0.9990212860065334,
      -0.0409090046148228,
      0.02833688546646498,
      0.9288547427073073,
      -0.00046961222665713783,
      0.37044385055565254,
      0.5560381738666358,
      0.0,
      0.0,
      0.0,
      1.0
    ],
    "img_size": [
      1920,
      1080
    ]
  },
  "000052.jpg": {
    "K": [
      1827.9276301649456,
      0.0,
      960.0,
      0.0,
      0.0,
      1862.600450061271,
      540.0,
      0.0,
      0.0,
      0.0,
      1.0,
      0.0,
      0.0,
      0.0,
      0.0,
      1.0
    ],
    "W2C": [
      0.3330026747696965,
      -0.043757067069500735,
      -0.9419100475510934,
      0.29822974072995667,
      0.014023543452202355,
      0.9990420235853316,
      -0.041453291058372164,
      0.028322275609575533,
      0.9428215943778931,
      0.0005951403205459353,
      0.33329729519263585,
      0.5804205641274,
      0.0,
      0.0,
      0.0,
      1.0
    ],
    "img_size": [
      1920,
      1080
    ]
  },
  "000053.jpg": {
    "K": [
      1827.9276301649456,
      0.0,
      960.0,
      0.0,
      0.0,
      1862.600450061271,
      540.0,
      0.0,
      0.0,
      0.0,
      1.0,
      0.0,
      0.0,
      0.0,
      0.0,
      1.0
    ],
    "W2C": [
      0.29942440984796015,
      -0.04747476571886428,
      -0.9529381771170364,
      0.31424803161962295,
      0.0164056123286972,
      0.998869842896511,
      -0.044608214893897866,
      0.03059643289281351,
      0.9539789718182063,
      -0.0022767458880211425,
      0.29986486582599164,
      0.6074863961030922,
      0.0,
      0.0,
      0.0,
      1.0
    ],
    "img_size": [
      1920,
      1080
    ]
  },
  "000054.jpg": {
    "K": [
      1827.9276301649456,
      0.0,
      960.0,
      0.0,
      0.0,
      1862.600450061271,
      540.0,
      0.0,
      0.0,
      0.0,
      1.0,
      0.0,
      0.0,
      0.0,
      0.0,
      1.0
    ],
    "W2C": [
      0.2771392402343198,
      -0.05037439437315759,
      -0.9595083438479741,
      0.33198317310825276,
      0.01605761604558477,
      0.9987280654102397,
      -0.047795442553165035,
      0.03219656618306825,
      0.9606955784686826,
      -0.0021614239421984633,
      0.2775956299318588,
      0.6203876521046415,
      0.0,
      0.0,
      0.0,
      1.0
    ],
    "img_size": [
      1920,
      1080
    ]
  },
  "000055.jpg": {
    "K": [
      1827.9276301649456,
      0.0,
      960.0,
      0.0,
      0.0,
      1862.600450061271,
      540.0,
      0.0,
      0.0,
      0.0,
      1.0,
      0.0,
      0.0,
      0.0,
      0.0,
      1.0
    ],
    "W2C": [
      0.2529427461062784,
      -0.051749371400919626,
      -0.9660962528401738,
      0.35107523209718744,
      0.007307744068174042,
      0.9986421594226803,
      -0.05157939802130525,
      0.031211082257457886,
      0.967453649571311,
      0.0059866504170397435,
      0.25297746134376337,
      0.620542128664118,
      0.0,
      0.0,
      0.0,
      1.0
    ],
    "img_size": [
      1920,
      1080
    ]
  },
  "000056.jpg": {
    "K": [
      1827.9276301649456,
      0.0,
      960.0,
      0.0,
      0.0,
      1862.600450061271,
      540.0,
      0.0,
      0.0,
      0.0,
      1.0,
      0.0,
      0.0,
      0.0,
      0.0,
      1.0
    ],
    "W2C": [
      0.22890064178942116,
      -0.05253939613280045,
      -0.9720309192831226,
      0.37097949670640323,
      0.004482658328090746,
      0.9985887325372708,
      -0.05291926892844188,
      0.028988951392090748,
      0.9734394701072608,
      0.00775597212526112,
      0.2288131179230935,
      0.6193740072771673,
      0.0,
      0.0,
      0.0,
      1.0
    ],
    "img_size": [
      1920,
      1080
    ]
  },
  "000057.jpg": {
    "K": [
      1827.9276301649456,
      0.0,
      960.0,
      0.0,
      0.0,
      1862.600450061271,
      540.0,
      0.0,
      0.0,
      0.0,
      1.0,
      0.0,
      0.0,
      0.0,
      0.0,
      1.0
    ],
    "W2C": [
      0.19274313463929535,
      -0.05737694961906412,
      -0.9795702984992092,
      0.37753012254213086,
      0.004968507730046399,
      0.9983332381272876,
      -0.05749834416069045,
      0.030514195400834984,
      0.9812366676701169,
      0.006215408489883314,
      0.1927069555489602,
      0.6217178193643714,
      0.0,
      0.0,
      0.0,
      1.0
    ],
    "img_size": [
      1920,
      1080
    ]
  },
  "000058.jpg": {
    "K": [
      1827.9276301649456,
      0.0,
      960.0,
      0.0,
      0.0,
      1862.600450061271,
      540.0,
      0.0,
      0.0,
      0.0,
      1.0,
      0.0,
      0.0,
      0.0,
      0.0,
      1.0
    ],
    "W2C": [
      0.14213728827646638,
      -0.058908790431376694,
      -0.9880924783092544,
      0.37242125515599944,
      0.006052965694986753,
      0.9982605922492258,
      -0.05864427993010157,
      0.0335854880755755,
      0.9898284461904033,
      0.0023546490475102743,
      0.14224662646317848,
      0.6409077807463742,
      0.0,
      0.0,
      0.0,
      1.0
    ],
    "img_size": [
      1920,
      1080
    ]
  },
  "000059.jpg": {
    "K": [
      1827.9276301649456,
      0.0,
      960.0,
      0.0,
      0.0,
      1862.600450061271,
      540.0,
      0.0,
      0.0,
      0.0,
      1.0,
      0.0,
      0.0,
      0.0,
      0.0,
      1.0
    ],
    "W2C": [
      0.0805833375327716,
